Gauss-Seidel SOR Maximum Residual at each iteration

      1	  2.171E+00
      2	  1.982E+00
      3	  1.883E+00
      4	  1.818E+00
      5	  1.766E+00
      6	  1.723E+00
      7	  1.684E+00
      8	  1.649E+00
      9	  1.616E+00
     10	  1.584E+00
     11	  1.554E+00
     12	  1.526E+00
     13	  1.498E+00
     14	  1.472E+00
     15	  1.446E+00
     16	  1.420E+00
     17	  1.396E+00
     18	  1.372E+00
     19	  1.349E+00
     20	  1.326E+00
     21	  1.304E+00
     22	  1.282E+00
     23	  1.260E+00
     24	  1.239E+00
     25	  1.219E+00
     26	  1.199E+00
     27	  1.179E+00
     28	  1.160E+00
     29	  1.141E+00
     30	  1.122E+00
     31	  1.104E+00
     32	  1.086E+00
     33	  1.069E+00
     34	  1.051E+00
     35	  1.035E+00
     36	  1.018E+00
     37	  1.002E+00
     38	  9.858E-01
     39	  9.702E-01
     40	  9.549E-01
     41	  9.398E-01
     42	  9.251E-01
     43	  9.106E-01
     44	  8.964E-01
     45	  8.825E-01
     46	  8.688E-01
     47	  8.553E-01
     48	  8.422E-01
     49	  8.292E-01
     50	  8.166E-01
     51	  8.071E-01
     52	  7.994E-01
     53	  7.918E-01
     54	  7.844E-01
     55	  7.770E-01
     56	  7.698E-01
     57	  7.626E-01
     58	  7.556E-01
     59	  7.486E-01
     60	  7.417E-01
     61	  7.350E-01
     62	  7.283E-01
     63	  7.216E-01
     64	  7.151E-01
     65	  7.086E-01
     66	  7.023E-01
     67	  6.959E-01
     68	  6.897E-01
     69	  6.835E-01
     70	  6.774E-01
     71	  6.714E-01
     72	  6.654E-01
     73	  6.595E-01
     74	  6.539E-01
     75	  6.485E-01
     76	  6.433E-01
     77	  6.383E-01
     78	  6.334E-01
     79	  6.287E-01
     80	  6.241E-01
     81	  6.196E-01
     82	  6.153E-01
     83	  6.111E-01
     84	  6.069E-01
     85	  6.029E-01
     86	  5.990E-01
     87	  5.951E-01
     88	  5.913E-01
     89	  5.876E-01
     90	  5.840E-01
     91	  5.804E-01
     92	  5.769E-01
     93	  5.735E-01
     94	  5.701E-01
     95	  5.668E-01
     96	  5.635E-01
     97	  5.603E-01
     98	  5.571E-01
     99	  5.540E-01
    100	  5.509E-01
    101	  5.479E-01
    102	  5.449E-01
    103	  5.419E-01
    104	  5.390E-01
    105	  5.361E-01
    106	  5.332E-01
    107	  5.304E-01
    108	  5.276E-01
    109	  5.249E-01
    110	  5.221E-01
    111	  5.194E-01
    112	  5.168E-01
    113	  5.141E-01
    114	  5.115E-01
    115	  5.089E-01
    116	  5.063E-01
    117	  5.038E-01
    118	  5.013E-01
    119	  4.988E-01
    120	  4.963E-01
    121	  4.938E-01
    122	  4.914E-01
    123	  4.890E-01
    124	  4.866E-01
    125	  4.842E-01
    126	  4.818E-01
    127	  4.795E-01
    128	  4.772E-01
    129	  4.826E-01
    130	  4.802E-01
    131	  4.778E-01
    132	  4.755E-01
    133	  4.731E-01
    134	  4.708E-01
    135	  4.685E-01
    136	  4.662E-01
    137	  4.639E-01
    138	  4.616E-01
    139	  4.593E-01
    140	  4.570E-01
    141	  4.547E-01
    142	  4.525E-01
    143	  4.502E-01
    144	  4.480E-01
    145	  4.457E-01
    146	  4.435E-01
    147	  4.413E-01
    148	  4.391E-01
    149	  4.368E-01
    150	  4.346E-01
    151	  4.324E-01
    152	  4.303E-01
    153	  4.281E-01
    154	  4.259E-01
    155	  4.237E-01
    156	  4.216E-01
    157	  4.194E-01
    158	  4.173E-01
    159	  4.151E-01
    160	  4.130E-01
    161	  4.109E-01
    162	  4.088E-01
    163	  4.066E-01
    164	  4.045E-01
    165	  4.025E-01
    166	  4.004E-01
    167	  3.983E-01
    168	  3.962E-01
    169	  3.942E-01
    170	  3.921E-01
    171	  3.901E-01
    172	  3.881E-01
    173	  3.860E-01
    174	  3.840E-01
    175	  3.820E-01
    176	  3.800E-01
    177	  3.780E-01
    178	  3.760E-01
    179	  3.740E-01
    180	  3.721E-01
    181	  3.701E-01
    182	  3.682E-01
    183	  3.662E-01
    184	  3.643E-01
    185	  3.623E-01
    186	  3.604E-01
    187	  3.585E-01
    188	  3.566E-01
    189	  3.547E-01
    190	  3.528E-01
    191	  3.509E-01
    192	  3.490E-01
    193	  3.472E-01
    194	  3.453E-01
    195	  3.435E-01
    196	  3.416E-01
    197	  3.398E-01
    198	  3.380E-01
    199	  3.361E-01
    200	  3.343E-01
    201	  3.325E-01
    202	  3.307E-01
    203	  3.289E-01
    204	  3.272E-01
    205	  3.254E-01
    206	  3.236E-01
    207	  3.219E-01
    208	  3.201E-01
    209	  3.184E-01
    210	  3.167E-01
    211	  3.149E-01
    212	  3.132E-01
    213	  3.115E-01
    214	  3.099E-01
    215	  3.082E-01
    216	  3.065E-01
    217	  3.049E-01
    218	  3.032E-01
    219	  3.016E-01
    220	  2.999E-01
    221	  2.983E-01
    222	  2.966E-01
    223	  2.950E-01
    224	  2.934E-01
    225	  2.918E-01
    226	  2.902E-01
    227	  2.886E-01
    228	  2.870E-01
    229	  2.854E-01
    230	  2.839E-01
    231	  2.823E-01
    232	  2.807E-01
    233	  2.792E-01
    234	  2.777E-01
    235	  2.761E-01
    236	  2.746E-01
    237	  2.731E-01
    238	  2.716E-01
    239	  2.701E-01
    240	  2.686E-01
    241	  2.671E-01
    242	  2.656E-01
    243	  2.641E-01
    244	  2.626E-01
    245	  2.612E-01
    246	  2.597E-01
    247	  2.583E-01
    248	  2.568E-01
    249	  2.554E-01
    250	  2.540E-01
    251	  2.526E-01
    252	  2.512E-01
    253	  2.498E-01
    254	  2.484E-01
    255	  2.470E-01
    256	  2.456E-01
    257	  2.442E-01
    258	  2.429E-01
    259	  2.415E-01
    260	  2.402E-01
    261	  2.388E-01
    262	  2.375E-01
    263	  2.362E-01
    264	  2.348E-01
    265	  2.335E-01
    266	  2.322E-01
    267	  2.309E-01
    268	  2.296E-01
    269	  2.283E-01
    270	  2.270E-01
    271	  2.258E-01
    272	  2.245E-01
    273	  2.232E-01
    274	  2.220E-01
    275	  2.207E-01
    276	  2.195E-01
    277	  2.182E-01
    278	  2.170E-01
    279	  2.158E-01
    280	  2.146E-01
    281	  2.134E-01
    282	  2.122E-01
    283	  2.110E-01
    284	  2.098E-01
    285	  2.086E-01
    286	  2.074E-01
    287	  2.062E-01
    288	  2.051E-01
    289	  2.039E-01
    290	  2.027E-01
    291	  2.016E-01
    292	  2.005E-01
    293	  1.993E-01
    294	  1.982E-01
    295	  1.971E-01
    296	  1.960E-01
    297	  1.948E-01
    298	  1.937E-01
    299	  1.926E-01
    300	  1.915E-01
    301	  1.905E-01
    302	  1.894E-01
    303	  1.883E-01
    304	  1.872E-01
    305	  1.862E-01
    306	  1.851E-01
    307	  1.840E-01
    308	  1.830E-01
    309	  1.820E-01
    310	  1.809E-01
    311	  1.799E-01
    312	  1.789E-01
    313	  1.778E-01
    314	  1.768E-01
    315	  1.758E-01
    316	  1.748E-01
    317	  1.738E-01
    318	  1.728E-01
    319	  1.718E-01
    320	  1.709E-01
    321	  1.699E-01
    322	  1.689E-01
    323	  1.679E-01
    324	  1.670E-01
    325	  1.660E-01
    326	  1.651E-01
    327	  1.641E-01
    328	  1.632E-01
    329	  1.623E-01
    330	  1.613E-01
    331	  1.604E-01
    332	  1.595E-01
    333	  1.586E-01
    334	  1.577E-01
    335	  1.568E-01
    336	  1.559E-01
    337	  1.550E-01
    338	  1.541E-01
    339	  1.532E-01
    340	  1.523E-01
    341	  1.514E-01
    342	  1.506E-01
    343	  1.497E-01
    344	  1.488E-01
    345	  1.480E-01
    346	  1.471E-01
    347	  1.463E-01
    348	  1.455E-01
    349	  1.446E-01
    350	  1.438E-01
    351	  1.430E-01
    352	  1.421E-01
    353	  1.413E-01
    354	  1.405E-01
    355	  1.397E-01
    356	  1.389E-01
    357	  1.381E-01
    358	  1.373E-01
    359	  1.365E-01
    360	  1.357E-01
    361	  1.349E-01
    362	  1.342E-01
    363	  1.334E-01
    364	  1.326E-01
    365	  1.318E-01
    366	  1.311E-01
    367	  1.303E-01
    368	  1.296E-01
    369	  1.288E-01
    370	  1.281E-01
    371	  1.273E-01
    372	  1.266E-01
    373	  1.259E-01
    374	  1.252E-01
    375	  1.244E-01
    376	  1.237E-01
    377	  1.230E-01
    378	  1.223E-01
    379	  1.216E-01
    380	  1.209E-01
    381	  1.202E-01
    382	  1.195E-01
    383	  1.188E-01
    384	  1.181E-01
    385	  1.174E-01
    386	  1.167E-01
    387	  1.161E-01
    388	  1.154E-01
    389	  1.147E-01
    390	  1.141E-01
    391	  1.134E-01
    392	  1.127E-01
    393	  1.121E-01
    394	  1.114E-01
    395	  1.108E-01
    396	  1.101E-01
    397	  1.095E-01
    398	  1.089E-01
    399	  1.082E-01
    400	  1.076E-01
    401	  1.070E-01
    402	  1.064E-01
    403	  1.058E-01
    404	  1.051E-01
    405	  1.045E-01
    406	  1.039E-01
    407	  1.033E-01
    408	  1.027E-01
    409	  1.021E-01
    410	  1.015E-01
    411	  1.009E-01
    412	  1.004E-01
    413	  9.977E-02
    414	  9.919E-02
    415	  9.862E-02
    416	  9.804E-02
    417	  9.747E-02
    418	  9.691E-02
    419	  9.634E-02
    420	  9.578E-02
    421	  9.523E-02
    422	  9.467E-02
    423	  9.412E-02
    424	  9.358E-02
    425	  9.303E-02
    426	  9.249E-02
    427	  9.195E-02
    428	  9.142E-02
    429	  9.088E-02
    430	  9.036E-02
    431	  8.983E-02
    432	  8.931E-02
    433	  8.879E-02
    434	  8.827E-02
    435	  8.776E-02
    436	  8.724E-02
    437	  8.674E-02
    438	  8.623E-02
    439	  8.573E-02
    440	  8.523E-02
    441	  8.473E-02
    442	  8.424E-02
    443	  8.375E-02
    444	  8.326E-02
    445	  8.278E-02
    446	  8.229E-02
    447	  8.181E-02
    448	  8.134E-02
    449	  8.086E-02
    450	  8.039E-02
    451	  7.992E-02
    452	  7.946E-02
    453	  7.899E-02
    454	  7.853E-02
    455	  7.808E-02
    456	  7.762E-02
    457	  7.717E-02
    458	  7.672E-02
    459	  7.627E-02
    460	  7.583E-02
    461	  7.538E-02
    462	  7.494E-02
    463	  7.451E-02
    464	  7.407E-02
    465	  7.364E-02
    466	  7.321E-02
    467	  7.278E-02
    468	  7.236E-02
    469	  7.193E-02
    470	  7.152E-02
    471	  7.110E-02
    472	  7.068E-02
    473	  7.027E-02
    474	  6.986E-02
    475	  6.945E-02
    476	  6.905E-02
    477	  6.864E-02
    478	  6.824E-02
    479	  6.784E-02
    480	  6.745E-02
    481	  6.705E-02
    482	  6.666E-02
    483	  6.627E-02
    484	  6.588E-02
    485	  6.550E-02
    486	  6.512E-02
    487	  6.473E-02
    488	  6.436E-02
    489	  6.398E-02
    490	  6.361E-02
    491	  6.323E-02
    492	  6.286E-02
    493	  6.250E-02
    494	  6.213E-02
    495	  6.177E-02
    496	  6.141E-02
    497	  6.105E-02
    498	  6.069E-02
    499	  6.033E-02
    500	  5.998E-02
    501	  5.963E-02
    502	  5.928E-02
    503	  5.894E-02
    504	  5.859E-02
    505	  5.825E-02
    506	  5.791E-02
    507	  5.757E-02
    508	  5.723E-02
    509	  5.690E-02
    510	  5.656E-02
    511	  5.623E-02
    512	  5.590E-02
    513	  5.558E-02
    514	  5.525E-02
    515	  5.493E-02
    516	  5.461E-02
    517	  5.429E-02
    518	  5.397E-02
    519	  5.365E-02
    520	  5.334E-02
    521	  5.303E-02
    522	  5.272E-02
    523	  5.241E-02
    524	  5.210E-02
    525	  5.180E-02
    526	  5.149E-02
    527	  5.119E-02
    528	  5.089E-02
    529	  5.059E-02
    530	  5.030E-02
    531	  5.000E-02
    532	  4.971E-02
    533	  4.942E-02
    534	  4.913E-02
    535	  4.884E-02
    536	  4.856E-02
    537	  4.827E-02
    538	  4.799E-02
    539	  4.771E-02
    540	  4.743E-02
    541	  4.715E-02
    542	  4.687E-02
    543	  4.660E-02
    544	  4.633E-02
    545	  4.605E-02
    546	  4.578E-02
    547	  4.552E-02
    548	  4.525E-02
    549	  4.498E-02
    550	  4.472E-02
    551	  4.446E-02
    552	  4.420E-02
    553	  4.394E-02
    554	  4.368E-02
    555	  4.342E-02
    556	  4.317E-02
    557	  4.292E-02
    558	  4.266E-02
    559	  4.241E-02
    560	  4.217E-02
    561	  4.192E-02
    562	  4.167E-02
    563	  4.143E-02
    564	  4.118E-02
    565	  4.094E-02
    566	  4.070E-02
    567	  4.046E-02
    568	  4.023E-02
    569	  3.999E-02
    570	  3.976E-02
    571	  3.952E-02
    572	  3.929E-02
    573	  3.906E-02
    574	  3.883E-02
    575	  3.860E-02
    576	  3.838E-02
    577	  3.815E-02
    578	  3.793E-02
    579	  3.771E-02
    580	  3.748E-02
    581	  3.726E-02
    582	  3.705E-02
    583	  3.683E-02
    584	  3.661E-02
    585	  3.640E-02
    586	  3.618E-02
    587	  3.597E-02
    588	  3.576E-02
    589	  3.555E-02
    590	  3.534E-02
    591	  3.513E-02
    592	  3.493E-02
    593	  3.472E-02
    594	  3.452E-02
    595	  3.432E-02
    596	  3.412E-02
    597	  3.392E-02
    598	  3.372E-02
    599	  3.352E-02
    600	  3.332E-02
    601	  3.313E-02
    602	  3.293E-02
    603	  3.274E-02
    604	  3.255E-02
    605	  3.236E-02
    606	  3.217E-02
    607	  3.198E-02
    608	  3.179E-02
    609	  3.160E-02
    610	  3.142E-02
    611	  3.123E-02
    612	  3.105E-02
    613	  3.087E-02
    614	  3.069E-02
    615	  3.050E-02
    616	  3.033E-02
    617	  3.015E-02
    618	  2.997E-02
    619	  2.979E-02
    620	  2.962E-02
    621	  2.945E-02
    622	  2.927E-02
    623	  2.910E-02
    624	  2.893E-02
    625	  2.876E-02
    626	  2.859E-02
    627	  2.842E-02
    628	  2.826E-02
    629	  2.809E-02
    630	  2.793E-02
    631	  2.776E-02
    632	  2.760E-02
    633	  2.744E-02
    634	  2.727E-02
    635	  2.711E-02
    636	  2.696E-02
    637	  2.680E-02
    638	  2.664E-02
    639	  2.648E-02
    640	  2.633E-02
    641	  2.617E-02
    642	  2.602E-02
    643	  2.587E-02
    644	  2.571E-02
    645	  2.556E-02
    646	  2.541E-02
    647	  2.526E-02
    648	  2.511E-02
    649	  2.497E-02
    650	  2.482E-02
    651	  2.467E-02
    652	  2.453E-02
    653	  2.439E-02
    654	  2.424E-02
    655	  2.410E-02
    656	  2.396E-02
    657	  2.382E-02
    658	  2.368E-02
    659	  2.354E-02
    660	  2.340E-02
    661	  2.326E-02
    662	  2.312E-02
    663	  2.299E-02
    664	  2.285E-02
    665	  2.272E-02
    666	  2.259E-02
    667	  2.245E-02
    668	  2.232E-02
    669	  2.219E-02
    670	  2.206E-02
    671	  2.193E-02
    672	  2.180E-02
    673	  2.167E-02
    674	  2.155E-02
    675	  2.142E-02
    676	  2.129E-02
    677	  2.117E-02
    678	  2.104E-02
    679	  2.092E-02
    680	  2.080E-02
    681	  2.067E-02
    682	  2.055E-02
    683	  2.043E-02
    684	  2.031E-02
    685	  2.019E-02
    686	  2.007E-02
    687	  1.996E-02
    688	  1.984E-02
    689	  1.972E-02
    690	  1.961E-02
    691	  1.949E-02
    692	  1.938E-02
    693	  1.926E-02
    694	  1.915E-02
    695	  1.904E-02
    696	  1.892E-02
    697	  1.881E-02
    698	  1.870E-02
    699	  1.859E-02
    700	  1.848E-02
    701	  1.837E-02
    702	  1.827E-02
    703	  1.816E-02
    704	  1.805E-02
    705	  1.795E-02
    706	  1.784E-02
    707	  1.773E-02
    708	  1.763E-02
    709	  1.753E-02
    710	  1.742E-02
    711	  1.732E-02
    712	  1.722E-02
    713	  1.712E-02
    714	  1.702E-02
    715	  1.692E-02
    716	  1.682E-02
    717	  1.672E-02
    718	  1.662E-02
    719	  1.652E-02
    720	  1.643E-02
    721	  1.633E-02
    722	  1.623E-02
    723	  1.614E-02
    724	  1.604E-02
    725	  1.595E-02
    726	  1.585E-02
    727	  1.576E-02
    728	  1.567E-02
    729	  1.558E-02
    730	  1.548E-02
    731	  1.539E-02
    732	  1.530E-02
    733	  1.521E-02
    734	  1.512E-02
    735	  1.503E-02
    736	  1.495E-02
    737	  1.486E-02
    738	  1.477E-02
    739	  1.468E-02
    740	  1.460E-02
    741	  1.451E-02
    742	  1.443E-02
    743	  1.434E-02
    744	  1.426E-02
    745	  1.417E-02
    746	  1.409E-02
    747	  1.401E-02
    748	  1.392E-02
    749	  1.384E-02
    750	  1.376E-02
    751	  1.368E-02
    752	  1.360E-02
    753	  1.352E-02
    754	  1.344E-02
    755	  1.336E-02
    756	  1.328E-02
    757	  1.320E-02
    758	  1.313E-02
    759	  1.305E-02
    760	  1.297E-02
    761	  1.290E-02
    762	  1.282E-02
    763	  1.274E-02
    764	  1.267E-02
    765	  1.259E-02
    766	  1.252E-02
    767	  1.245E-02
    768	  1.237E-02
    769	  1.230E-02
    770	  1.223E-02
    771	  1.216E-02
    772	  1.208E-02
    773	  1.201E-02
    774	  1.194E-02
    775	  1.187E-02
    776	  1.180E-02
    777	  1.173E-02
    778	  1.166E-02
    779	  1.160E-02
    780	  1.153E-02
    781	  1.146E-02
    782	  1.139E-02
    783	  1.132E-02
    784	  1.126E-02
    785	  1.119E-02
    786	  1.113E-02
    787	  1.106E-02
    788	  1.100E-02
    789	  1.093E-02
    790	  1.087E-02
    791	  1.080E-02
    792	  1.074E-02
    793	  1.068E-02
    794	  1.061E-02
    795	  1.055E-02
    796	  1.049E-02
    797	  1.043E-02
    798	  1.036E-02
    799	  1.030E-02
    800	  1.024E-02
    801	  1.018E-02
    802	  1.012E-02
    803	  1.006E-02
    804	  1.000E-02
    805	  9.945E-03
    806	  9.887E-03
    807	  9.828E-03
    808	  9.771E-03
    809	  9.713E-03
    810	  9.656E-03
    811	  9.599E-03
    812	  9.542E-03
    813	  9.486E-03
    814	  9.430E-03
    815	  9.375E-03
    816	  9.320E-03
    817	  9.265E-03
    818	  9.210E-03
    819	  9.156E-03
    820	  9.102E-03
    821	  9.048E-03
    822	  8.995E-03
    823	  8.942E-03
    824	  8.890E-03
    825	  8.837E-03
    826	  8.785E-03
    827	  8.733E-03
    828	  8.682E-03
    829	  8.631E-03
    830	  8.580E-03
    831	  8.529E-03
    832	  8.479E-03
    833	  8.429E-03
    834	  8.380E-03
    835	  8.330E-03
    836	  8.281E-03
    837	  8.233E-03
    838	  8.184E-03
    839	  8.136E-03
    840	  8.088E-03
    841	  8.040E-03
    842	  7.993E-03
    843	  7.946E-03
    844	  7.899E-03
    845	  7.853E-03
    846	  7.806E-03
    847	  7.760E-03
    848	  7.715E-03
    849	  7.669E-03
    850	  7.624E-03
    851	  7.579E-03
    852	  7.535E-03
    853	  7.490E-03
    854	  7.446E-03
    855	  7.402E-03
    856	  7.359E-03
    857	  7.315E-03
    858	  7.272E-03
    859	  7.229E-03
    860	  7.187E-03
    861	  7.144E-03
    862	  7.102E-03
    863	  7.061E-03
    864	  7.019E-03
    865	  6.978E-03
    866	  6.937E-03
    867	  6.896E-03
    868	  6.855E-03
    869	  6.815E-03
    870	  6.775E-03
    871	  6.735E-03
    872	  6.695E-03
    873	  6.656E-03
    874	  6.616E-03
    875	  6.577E-03
    876	  6.539E-03
    877	  6.500E-03
    878	  6.462E-03
    879	  6.424E-03
    880	  6.386E-03
    881	  6.348E-03
    882	  6.311E-03
    883	  6.274E-03
    884	  6.237E-03
    885	  6.200E-03
    886	  6.164E-03
    887	  6.127E-03
    888	  6.091E-03
    889	  6.055E-03
    890	  6.020E-03
    891	  5.984E-03
    892	  5.949E-03
    893	  5.914E-03
    894	  5.879E-03
    895	  5.844E-03
    896	  5.810E-03
    897	  5.776E-03
    898	  5.742E-03
    899	  5.708E-03
    900	  5.674E-03
    901	  5.641E-03
    902	  5.608E-03
    903	  5.575E-03
    904	  5.542E-03
    905	  5.509E-03
    906	  5.477E-03
    907	  5.444E-03
    908	  5.412E-03
    909	  5.380E-03
    910	  5.349E-03
    911	  5.317E-03
    912	  5.286E-03
    913	  5.255E-03
    914	  5.224E-03
    915	  5.193E-03
    916	  5.162E-03
    917	  5.132E-03
    918	  5.102E-03
    919	  5.072E-03
    920	  5.042E-03
    921	  5.012E-03
    922	  4.982E-03
    923	  4.953E-03
    924	  4.924E-03
    925	  4.895E-03
    926	  4.866E-03
    927	  4.837E-03
    928	  4.809E-03
    929	  4.781E-03
    930	  4.752E-03
    931	  4.724E-03
    932	  4.697E-03
    933	  4.669E-03
    934	  4.641E-03
    935	  4.614E-03
    936	  4.587E-03
    937	  4.560E-03
    938	  4.533E-03
    939	  4.506E-03
    940	  4.480E-03
    941	  4.453E-03
    942	  4.427E-03
    943	  4.401E-03
    944	  4.375E-03
    945	  4.349E-03
    946	  4.324E-03
    947	  4.298E-03
    948	  4.273E-03
    949	  4.248E-03
    950	  4.223E-03
    951	  4.198E-03
    952	  4.173E-03
    953	  4.148E-03
    954	  4.124E-03
    955	  4.100E-03
    956	  4.075E-03
    957	  4.051E-03
    958	  4.028E-03
    959	  4.004E-03
    960	  3.980E-03
    961	  3.957E-03
    962	  3.933E-03
    963	  3.910E-03
    964	  3.887E-03
    965	  3.864E-03
    966	  3.842E-03
    967	  3.819E-03
    968	  3.796E-03
    969	  3.774E-03
    970	  3.752E-03
    971	  3.730E-03
    972	  3.708E-03
    973	  3.686E-03
    974	  3.664E-03
    975	  3.642E-03
    976	  3.621E-03
    977	  3.600E-03
    978	  3.578E-03
    979	  3.557E-03
    980	  3.536E-03
    981	  3.516E-03
    982	  3.495E-03
    983	  3.474E-03
    984	  3.454E-03
    985	  3.433E-03
    986	  3.413E-03
    987	  3.393E-03
    988	  3.373E-03
    989	  3.353E-03
    990	  3.333E-03
    991	  3.314E-03
    992	  3.294E-03
    993	  3.275E-03
    994	  3.256E-03
    995	  3.236E-03
    996	  3.217E-03
    997	  3.198E-03
    998	  3.179E-03
    999	  3.161E-03
   1000	  3.142E-03
   1001	  3.124E-03
   1002	  3.105E-03
   1003	  3.087E-03
   1004	  3.069E-03
   1005	  3.051E-03
   1006	  3.033E-03
   1007	  3.015E-03
   1008	  2.997E-03
   1009	  2.979E-03
   1010	  2.962E-03
   1011	  2.944E-03
   1012	  2.927E-03
   1013	  2.910E-03
   1014	  2.892E-03
   1015	  2.875E-03
   1016	  2.858E-03
   1017	  2.842E-03
   1018	  2.825E-03
   1019	  2.808E-03
   1020	  2.792E-03
   1021	  2.775E-03
   1022	  2.759E-03
   1023	  2.743E-03
   1024	  2.726E-03
   1025	  2.710E-03
   1026	  2.694E-03
   1027	  2.678E-03
   1028	  2.663E-03
   1029	  2.647E-03
   1030	  2.631E-03
   1031	  2.616E-03
   1032	  2.600E-03
   1033	  2.585E-03
   1034	  2.570E-03
   1035	  2.555E-03
   1036	  2.540E-03
   1037	  2.525E-03
   1038	  2.510E-03
   1039	  2.495E-03
   1040	  2.480E-03
   1041	  2.466E-03
   1042	  2.451E-03
   1043	  2.437E-03
   1044	  2.422E-03
   1045	  2.408E-03
   1046	  2.394E-03
   1047	  2.380E-03
   1048	  2.366E-03
   1049	  2.352E-03
   1050	  2.338E-03
   1051	  2.324E-03
   1052	  2.310E-03
   1053	  2.297E-03
   1054	  2.283E-03
   1055	  2.270E-03
   1056	  2.256E-03
   1057	  2.243E-03
   1058	  2.230E-03
   1059	  2.217E-03
   1060	  2.204E-03
   1061	  2.191E-03
   1062	  2.178E-03
   1063	  2.165E-03
   1064	  2.152E-03
   1065	  2.139E-03
   1066	  2.127E-03
   1067	  2.114E-03
   1068	  2.102E-03
   1069	  2.089E-03
   1070	  2.077E-03
   1071	  2.065E-03
   1072	  2.053E-03
   1073	  2.041E-03
   1074	  2.029E-03
   1075	  2.017E-03
   1076	  2.005E-03
   1077	  1.993E-03
   1078	  1.981E-03
   1079	  1.969E-03
   1080	  1.958E-03
   1081	  1.946E-03
   1082	  1.935E-03
   1083	  1.923E-03
   1084	  1.912E-03
   1085	  1.901E-03
   1086	  1.890E-03
   1087	  1.878E-03
   1088	  1.867E-03
   1089	  1.856E-03
   1090	  1.845E-03
   1091	  1.834E-03
   1092	  1.824E-03
   1093	  1.813E-03
   1094	  1.802E-03
   1095	  1.792E-03
   1096	  1.781E-03
   1097	  1.771E-03
   1098	  1.760E-03
   1099	  1.750E-03
   1100	  1.739E-03
   1101	  1.729E-03
   1102	  1.719E-03
   1103	  1.709E-03
   1104	  1.699E-03
   1105	  1.689E-03
   1106	  1.679E-03
   1107	  1.669E-03
   1108	  1.659E-03
   1109	  1.649E-03
   1110	  1.640E-03
   1111	  1.630E-03
   1112	  1.620E-03
   1113	  1.611E-03
   1114	  1.601E-03
   1115	  1.592E-03
   1116	  1.582E-03
   1117	  1.573E-03
   1118	  1.564E-03
   1119	  1.555E-03
   1120	  1.545E-03
   1121	  1.536E-03
   1122	  1.527E-03
   1123	  1.518E-03
   1124	  1.509E-03
   1125	  1.500E-03
   1126	  1.491E-03
   1127	  1.483E-03
   1128	  1.474E-03
   1129	  1.465E-03
   1130	  1.457E-03
   1131	  1.448E-03
   1132	  1.439E-03
   1133	  1.431E-03
   1134	  1.423E-03
   1135	  1.414E-03
   1136	  1.406E-03
   1137	  1.398E-03
   1138	  1.389E-03
   1139	  1.381E-03
   1140	  1.373E-03
   1141	  1.365E-03
   1142	  1.357E-03
   1143	  1.349E-03
   1144	  1.341E-03
   1145	  1.333E-03
   1146	  1.325E-03
   1147	  1.317E-03
   1148	  1.310E-03
   1149	  1.302E-03
   1150	  1.294E-03
   1151	  1.286E-03
   1152	  1.279E-03
   1153	  1.271E-03
   1154	  1.264E-03
   1155	  1.256E-03
   1156	  1.249E-03
   1157	  1.242E-03
   1158	  1.234E-03
   1159	  1.227E-03
   1160	  1.220E-03
   1161	  1.213E-03
   1162	  1.205E-03
   1163	  1.198E-03
   1164	  1.191E-03
   1165	  1.184E-03
   1166	  1.177E-03
   1167	  1.170E-03
   1168	  1.163E-03
   1169	  1.157E-03
   1170	  1.150E-03
   1171	  1.143E-03
   1172	  1.136E-03
   1173	  1.130E-03
   1174	  1.123E-03
   1175	  1.116E-03
   1176	  1.110E-03
   1177	  1.103E-03
   1178	  1.097E-03
   1179	  1.090E-03
   1180	  1.084E-03
   1181	  1.077E-03
   1182	  1.071E-03
   1183	  1.065E-03
   1184	  1.058E-03
   1185	  1.052E-03
   1186	  1.046E-03
   1187	  1.040E-03
   1188	  1.034E-03
   1189	  1.028E-03
   1190	  1.021E-03
   1191	  1.015E-03
   1192	  1.009E-03
   1193	  1.003E-03
   1194	  9.976E-04
   1195	  9.917E-04
   1196	  9.858E-04
   1197	  9.800E-04
   1198	  9.742E-04
   1199	  9.685E-04
   1200	  9.628E-04
   1201	  9.571E-04
   1202	  9.514E-04
   1203	  9.458E-04
   1204	  9.403E-04
   1205	  9.347E-04
   1206	  9.292E-04
   1207	  9.237E-04
   1208	  9.183E-04
   1209	  9.129E-04
   1210	  9.075E-04
   1211	  9.021E-04
   1212	  8.968E-04
   1213	  8.915E-04
   1214	  8.862E-04
   1215	  8.810E-04
   1216	  8.758E-04
   1217	  8.707E-04
   1218	  8.655E-04
   1219	  8.604E-04
   1220	  8.553E-04
   1221	  8.503E-04
   1222	  8.453E-04
   1223	  8.403E-04
   1224	  8.353E-04
   1225	  8.304E-04
   1226	  8.255E-04
   1227	  8.206E-04
   1228	  8.158E-04
   1229	  8.110E-04
   1230	  8.062E-04
   1231	  8.014E-04
   1232	  7.967E-04
   1233	  7.920E-04
   1234	  7.873E-04
   1235	  7.827E-04
   1236	  7.781E-04
   1237	  7.735E-04
   1238	  7.689E-04
   1239	  7.644E-04
   1240	  7.599E-04
   1241	  7.554E-04
   1242	  7.510E-04
   1243	  7.465E-04
   1244	  7.421E-04
   1245	  7.377E-04
   1246	  7.334E-04
   1247	  7.291E-04
   1248	  7.248E-04
   1249	  7.205E-04
   1250	  7.162E-04
   1251	  7.120E-04
   1252	  7.078E-04
   1253	  7.036E-04
   1254	  6.995E-04
   1255	  6.954E-04
   1256	  6.913E-04
   1257	  6.872E-04
   1258	  6.831E-04
   1259	  6.791E-04
   1260	  6.751E-04
   1261	  6.711E-04
   1262	  6.671E-04
   1263	  6.632E-04
   1264	  6.593E-04
   1265	  6.554E-04
   1266	  6.515E-04
   1267	  6.477E-04
   1268	  6.439E-04
   1269	  6.401E-04
   1270	  6.363E-04
   1271	  6.326E-04
   1272	  6.288E-04
   1273	  6.251E-04
   1274	  6.214E-04
   1275	  6.178E-04
   1276	  6.141E-04
   1277	  6.105E-04
   1278	  6.069E-04
   1279	  6.033E-04
   1280	  5.997E-04
   1281	  5.962E-04
   1282	  5.927E-04
   1283	  5.892E-04
   1284	  5.857E-04
   1285	  5.823E-04
   1286	  5.788E-04
   1287	  5.754E-04
   1288	  5.720E-04
   1289	  5.686E-04
   1290	  5.653E-04
   1291	  5.620E-04
   1292	  5.586E-04
   1293	  5.553E-04
   1294	  5.521E-04
   1295	  5.488E-04
   1296	  5.456E-04
   1297	  5.424E-04
   1298	  5.392E-04
   1299	  5.360E-04
   1300	  5.328E-04
   1301	  5.297E-04
   1302	  5.265E-04
   1303	  5.234E-04
   1304	  5.204E-04
   1305	  5.173E-04
   1306	  5.142E-04
   1307	  5.112E-04
   1308	  5.082E-04
   1309	  5.052E-04
   1310	  5.022E-04
   1311	  4.992E-04
   1312	  4.963E-04
   1313	  4.934E-04
   1314	  4.905E-04
   1315	  4.876E-04
   1316	  4.847E-04
   1317	  4.818E-04
   1318	  4.790E-04
   1319	  4.762E-04
   1320	  4.733E-04
   1321	  4.706E-04
   1322	  4.678E-04
   1323	  4.650E-04
   1324	  4.623E-04
   1325	  4.595E-04
   1326	  4.568E-04
   1327	  4.541E-04
   1328	  4.515E-04
   1329	  4.488E-04
   1330	  4.462E-04
   1331	  4.435E-04
   1332	  4.409E-04
   1333	  4.383E-04
   1334	  4.357E-04
   1335	  4.331E-04
   1336	  4.306E-04
   1337	  4.280E-04
   1338	  4.255E-04
   1339	  4.230E-04
   1340	  4.205E-04
   1341	  4.180E-04
   1342	  4.156E-04
   1343	  4.131E-04
   1344	  4.107E-04
   1345	  4.083E-04
   1346	  4.058E-04
   1347	  4.035E-04
   1348	  4.011E-04
   1349	  3.987E-04
   1350	  3.964E-04
   1351	  3.940E-04
   1352	  3.917E-04
   1353	  3.894E-04
   1354	  3.871E-04
   1355	  3.848E-04
   1356	  3.825E-04
   1357	  3.803E-04
   1358	  3.780E-04
   1359	  3.758E-04
   1360	  3.736E-04
   1361	  3.714E-04
   1362	  3.692E-04
   1363	  3.670E-04
   1364	  3.648E-04
   1365	  3.627E-04
   1366	  3.605E-04
   1367	  3.584E-04
   1368	  3.563E-04
   1369	  3.542E-04
   1370	  3.521E-04
   1371	  3.500E-04
   1372	  3.480E-04
   1373	  3.459E-04
   1374	  3.439E-04
   1375	  3.418E-04
   1376	  3.398E-04
   1377	  3.378E-04
   1378	  3.358E-04
   1379	  3.338E-04
   1380	  3.319E-04
   1381	  3.299E-04
   1382	  3.280E-04
   1383	  3.260E-04
   1384	  3.241E-04
   1385	  3.222E-04
   1386	  3.203E-04
   1387	  3.184E-04
   1388	  3.165E-04
   1389	  3.147E-04
   1390	  3.128E-04
   1391	  3.110E-04
   1392	  3.091E-04
   1393	  3.073E-04
   1394	  3.055E-04
   1395	  3.037E-04
   1396	  3.019E-04
   1397	  3.001E-04
   1398	  2.983E-04
   1399	  2.966E-04
   1400	  2.948E-04
   1401	  2.931E-04
   1402	  2.914E-04
   1403	  2.896E-04
   1404	  2.879E-04
   1405	  2.862E-04
   1406	  2.845E-04
   1407	  2.829E-04
   1408	  2.812E-04
   1409	  2.795E-04
   1410	  2.779E-04
   1411	  2.763E-04
   1412	  2.746E-04
   1413	  2.730E-04
   1414	  2.714E-04
   1415	  2.698E-04
   1416	  2.682E-04
   1417	  2.666E-04
   1418	  2.650E-04
   1419	  2.635E-04
   1420	  2.619E-04
   1421	  2.604E-04
   1422	  2.588E-04
   1423	  2.573E-04
   1424	  2.558E-04
   1425	  2.543E-04
   1426	  2.528E-04
   1427	  2.513E-04
   1428	  2.498E-04
   1429	  2.483E-04
   1430	  2.469E-04
   1431	  2.454E-04
   1432	  2.440E-04
   1433	  2.425E-04
   1434	  2.411E-04
   1435	  2.397E-04
   1436	  2.383E-04
   1437	  2.369E-04
   1438	  2.355E-04
   1439	  2.341E-04
   1440	  2.327E-04
   1441	  2.313E-04
   1442	  2.299E-04
   1443	  2.286E-04
   1444	  2.272E-04
   1445	  2.259E-04
   1446	  2.246E-04
   1447	  2.232E-04
   1448	  2.219E-04
   1449	  2.206E-04
   1450	  2.193E-04
   1451	  2.180E-04
   1452	  2.167E-04
   1453	  2.155E-04
   1454	  2.142E-04
   1455	  2.129E-04
   1456	  2.117E-04
   1457	  2.104E-04
   1458	  2.092E-04
   1459	  2.079E-04
   1460	  2.067E-04
   1461	  2.055E-04
   1462	  2.043E-04
   1463	  2.031E-04
   1464	  2.019E-04
   1465	  2.007E-04
   1466	  1.995E-04
   1467	  1.983E-04
   1468	  1.971E-04
   1469	  1.960E-04
   1470	  1.948E-04
   1471	  1.937E-04
   1472	  1.925E-04
   1473	  1.914E-04
   1474	  1.903E-04
   1475	  1.891E-04
   1476	  1.880E-04
   1477	  1.869E-04
   1478	  1.858E-04
   1479	  1.847E-04
   1480	  1.836E-04
   1481	  1.825E-04
   1482	  1.815E-04
   1483	  1.804E-04
   1484	  1.793E-04
   1485	  1.783E-04
   1486	  1.772E-04
   1487	  1.762E-04
   1488	  1.751E-04
   1489	  1.741E-04
   1490	  1.731E-04
   1491	  1.721E-04
   1492	  1.710E-04
   1493	  1.700E-04
   1494	  1.690E-04
   1495	  1.680E-04
   1496	  1.670E-04
   1497	  1.661E-04
   1498	  1.651E-04
   1499	  1.641E-04
   1500	  1.631E-04
   1501	  1.622E-04
   1502	  1.612E-04
   1503	  1.603E-04
   1504	  1.593E-04
   1505	  1.584E-04
   1506	  1.574E-04
   1507	  1.565E-04
   1508	  1.556E-04
   1509	  1.547E-04
   1510	  1.538E-04
   1511	  1.529E-04
   1512	  1.519E-04
   1513	  1.511E-04
   1514	  1.502E-04
   1515	  1.493E-04
   1516	  1.484E-04
   1517	  1.475E-04
   1518	  1.466E-04
   1519	  1.458E-04
   1520	  1.449E-04
   1521	  1.441E-04
   1522	  1.432E-04
   1523	  1.424E-04
   1524	  1.415E-04
   1525	  1.407E-04
   1526	  1.399E-04
   1527	  1.390E-04
   1528	  1.382E-04
   1529	  1.374E-04
   1530	  1.366E-04
   1531	  1.358E-04
   1532	  1.350E-04
   1533	  1.342E-04
   1534	  1.334E-04
   1535	  1.326E-04
   1536	  1.318E-04
   1537	  1.310E-04
   1538	  1.303E-04
   1539	  1.295E-04
   1540	  1.287E-04
   1541	  1.280E-04
   1542	  1.272E-04
   1543	  1.265E-04
   1544	  1.257E-04
   1545	  1.250E-04
   1546	  1.242E-04
   1547	  1.235E-04
   1548	  1.228E-04
   1549	  1.221E-04
   1550	  1.213E-04
   1551	  1.206E-04
   1552	  1.199E-04
   1553	  1.192E-04
   1554	  1.185E-04
   1555	  1.178E-04
   1556	  1.171E-04
   1557	  1.164E-04
   1558	  1.157EE-05
   1637	  7.250E-05
   1638	  7.208E-05
   1639	  7.165E-05
   1640	  7.123E-05
   1641	  7.081E-05
   1642	  7.039E-05
   1643	  6.997E-05
   1644	  6.956E-05
   1645	  6.915E-05
   1646	  6.874E-05
   1647	  6.834E-05
   1648	  6.793E-05
   1649	  6.753E-05
   1650	  6.713E-05
   1651	  6.674E-05
   1652	  6.634E-05
   1653	  6.595E-05
   1654	  6.556E-05
   1655	  6.518E-05
   1656	  6.479E-05
   1657	  6.441E-05
   1658	  6.403E-05
   1659	  6.365E-05
   1660	  6.327E-05
   1661	  6.290E-05
   1662	  6.253E-05
   1663	  6.216E-05
   1664	  6.179E-05
   1665	  6.143E-05
   1666	  6.107E-05
   1667	  6.071E-05
   1668	  6.035E-05
   1669	  5.999E-05
   1670	  5.964E-05
   1671	  5.929E-05
   1672	  5.894E-05
   1673	  5.859E-05
   1674	  5.824E-05
   1675	  5.790E-05
   1676	  5.756E-05
   1677	  5.722E-05
   1678	  5.688E-05
   1679	  5.654E-05
   1680	  5.621E-05
   1681	  5.588E-05
   1682	  5.555E-05
   1683	  5.522E-05
   1684	  5.489E-05
   1685	  5.457E-05
   1686	  5.425E-05
   1687	  5.393E-05
   1688	  5.361E-05
   1689	  5.329E-05
   1690	  5.298E-05
   1691	  5.267E-05
   1692	  5.236E-05
   1693	  5.205E-05
   1694	  5.174E-05
   1695	  5.143E-05
   1696	  5.113E-05
   1697	  5.083E-05
   1698	  5.053E-05
   1699	  5.023E-05
   1700	  4.993E-05
   1701	  4.964E-05
   1702	  4.935E-05
   1703	  4.905E-05
   1704	  4.877E-05
   1705	  4.848E-05
   1706	  4.819E-05
   1707	  4.791E-05
   1708	  4.762E-05
   1709	  4.734E-05
   1710	  4.706E-05
   1711	  4.679E-05
   1712	  4.651E-05
   1713	  4.623E-05
   1714	  4.596E-05
   1715	  4.569E-05
   1716	  4.542E-05
   1717	  4.515E-05
   1718	  4.489E-05
   1719	  4.462E-05
   1720	  4.436E-05
   1721	  4.410E-05
   1722	  4.384E-05
   1723	  4.358E-05
   1724	  4.332E-05
   1725	  4.306E-05
   1726	  4.281E-05
   1727	  4.256E-05
   1728	  4.231E-05
   1729	  4.206E-05
   1730	  4.181E-05
   1731	  4.156E-05
   1732	  4.132E-05
   1733	  4.107E-05
   1734	  4.083E-05
   1735	  4.059E-05
   1736	  4.035E-05
   1737	  4.011E-05
   1738	  3.987E-05
   1739	  3.964E-05
   1740	  3.941E-05
   1741	  3.917E-05
   1742	  3.894E-05
   1743	  3.871E-05
   1744	  3.848E-05
   1745	  3.826E-05
   1746	  3.803E-05
   1747	  3.781E-05
   1748	  3.758E-05
   1749	  3.736E-05
   1750	  3.714E-05
   1751	  3.692E-05
   1752	  3.670E-05
   1753	  3.649E-05
   1754	  3.627E-05
   1755	  3.606E-05
   1756	  3.584E-05
   1757	  3.563E-05
   1758	  3.542E-05
   1759	  3.521E-05
   1760	  3.501E-05
   1761	  3.480E-05
   1762	  3.459E-05
   1763	  3.439E-05
   1764	  3.419E-05
   1765	  3.398E-05
   1766	  3.378E-05
   1767	  3.358E-05
   1768	  3.339E-05
   1769	  3.319E-05
   1770	  3.299E-05
   1771	  3.280E-05
   1772	  3.260E-05
   1773	  3.241E-05
   1774	  3.222E-05
   1775	  3.203E-05
   1776	  3.184E-05
   1777	  3.165E-05
   1778	  3.147E-05
   1779	  3.128E-05
   1780	  3.110E-05
   1781	  3.091E-05
   1782	  3.073E-05
   1783	  3.055E-05
   1784	  3.037E-05
   1785	  3.019E-05
   1786	  3.001E-05
   1787	  2.983E-05
   1788	  2.966E-05
   1789	  2.948E-05
   1790	  2.931E-05
   1791	  2.914E-05
   1792	  2.896E-05
   1793	  2.879E-05
   1794	  2.862E-05
   1795	  2.845E-05
   1796	  2.829E-05
   1797	  2.812E-05
   1798	  2.795E-05
   1799	  2.779E-05
   1800	  2.762E-05
   1801	  2.746E-05
   1802	  2.730E-05
   1803	  2.714E-05
   1804	  2.698E-05
   1805	  2.682E-05
   1806	  2.666E-05
   1807	  2.650E-05
   1808	  2.635E-05
   1809	  2.619E-05
   1810	  2.604E-05
   1811	  2.588E-05
   1812	  2.573E-05
   1813	  2.558E-05
   1814	  2.543E-05
   1815	  2.528E-05
   1816	  2.513E-05
   1817	  2.498E-05
   1818	  2.483E-05
   1819	  2.469E-05
   1820	  2.454E-05
   1821	  2.439E-05
   1822	  2.425E-05
   1823	  2.411E-05
   1824	  2.397E-05
   1825	  2.382E-05
   1826	  2.368E-05
   1827	  2.354E-05
   1828	  2.340E-05
   1829	  2.327E-05
   1830	  2.313E-05
   1831	  2.299E-05
   1832	  2.286E-05
   1833	  2.272E-05
   1834	  2.259E-05
   1835	  2.245E-05
   1836	  2.232E-05
   1837	  2.219E-05
   1838	  2.206E-05
   1839	  2.193E-05
   1840	  2.180E-05
   1841	  2.167E-05
   1842	  2.154E-05
   1843	  2.142E-05
   1844	  2.129E-05
   1845	  2.116E-05
   1846	  2.104E-05
   1847	  2.091E-05
   1848	  2.079E-05
   1849	  2.067E-05
   1850	  2.055E-05
   1851	  2.043E-05
   1852	  2.030E-05
   1853	  2.018E-05
   1854	  2.007E-05
   1855	  1.995E-05
   1856	  1.983E-05
   1857	  1.971E-05
   1858	  1.960E-05
   1859	  1.948E-05
   1860	  1.937E-05
   1861	  1.925E-05
   1862	  1.914E-05
   1863	  1.902E-05
   1864	  1.891E-05
   1865	  1.880E-05
   1866	  1.869E-05
   1867	  1.858E-05
   1868	  1.847E-05
   1869	  1.836E-05
   1870	  1.825E-05
   1871	  1.814E-05
   1872	  1.804E-05
   1873	  1.793E-05
   1874	  1.783E-05
   1875	  1.772E-05
   1876	  1.762E-05
   1877	  1.751E-05
   1878	  1.741E-05
   1879	  1.731E-05
   1880	  1.720E-05
   1881	  1.710E-05
   1882	  1.700E-05
   1883	  1.690E-05
   1884	  1.680E-05
   1885	  1.670E-05
   1886	  1.660E-05
   1887	  1.650E-05
   1888	  1.641E-05
   1889	  1.631E-05
   1890	  1.621E-05
   1891	  1.612E-05
   1892	  1.602E-05
   1893	  1.593E-05
   1894	  1.583E-05
   1895	  1.574E-05
   1896	  1.565E-05
   1897	  1.556E-05
   1898	  1.546E-05
   1899	  1.537E-05
   1900	  1.528E-05
   1901	  1.519E-05
   1902	  1.510E-05
   1903	  1.501E-05
   1904	  1.492E-05
   1905	  1.484E-05
   1906	  1.475E-05
   1907	  1.466E-05
   1908	  1.458E-05
   1909	  1.449E-05
   1910	  1.440E-05
   1911	  1.432E-05
   1912	  1.423E-05
   1913	  1.415E-05
   1914	  1.407E-05
   1915	  1.398E-05
   1916	  1.390E-05
   1917	  1.382E-05
   1918	  1.374E-05
   1919	  1.366E-05
   1920	  1.358E-05
   1921	  1.350E-05
   1922	  1.342E-05
   1923	  1.334E-05
   1924	  1.326E-05
   1925	  1.318E-05
   1926	  1.310E-05
   1927	  1.302E-05
   1928	  1.295E-05
   1929	  1.287E-05
   1930	  1.280E-05
   1931	  1.272E-05
   1932	  1.264E-05
   1933	  1.257E-05
   1934	  1.250E-05
   1935	  1.242E-05
   1936	  1.235E-05
   1937	  1.228E-05
   1938	  1.220E-05
   1939	  1.213E-05
   1940	  1.206E-05
   1941	  1.199E-05
   1942	  1.192E-05
   1943	  1.185E-05
   1944	  1.178E-05
   1945	  1.171E-05
   1946	  1.164E-05
   1947	  1.157E-05
   1948	  1.150E-05
   1949	  1.143E-05
   1950	  1.137E-05
   1951	  1.130E-05
   1952	  1.123E-05
   1953	  1.117E-05
   1954	  1.110E-05
   1955	  1.103E-05
   1956	  1.097E-05
   1957	  1.090E-05
   1958	  1.084E-05
   1959	  1.078E-05
   1960	  1.071E-05
   1961	  1.065E-05
   1962	  1.059E-05
   1963	  1.052E-05
   1964	  1.046E-05
   1965	  1.040E-05
   1966	  1.034E-05
   1967	  1.028E-05
   1968	  1.022E-05
   1969	  1.016E-05
   1970	  1.010E-05
   1971	  1.004E-05
   1972	  9.978E-06
   1973	  9.919E-06
   1974	  9.861E-06
   1975	  9.803E-06
   1976	  9.745E-06
   1977	  9.687E-06
   1978	  9.630E-06
   1979	  9.573E-06
   1980	  9.517E-06
   1981	  9.461E-06
   1982	  9.405E-06
   1983	  9.349E-06
   1984	  9.294E-06
   1985	  9.239E-06
   1986	  9.185E-06
   1987	  9.130E-06
   1988	  9.076E-06
   1989	  9.023E-06
   1990	  8.970E-06
   1991	  8.917E-06
   1992	  8.864E-06
   1993	  8.812E-06
   1994	  8.760E-06
   1995	  8.708E-06
   1996	  8.657E-06
   1997	  8.605E-06
   1998	  8.555E-06
   1999	  8.504E-06
   2000	  8.454E-06
   2001	  8.404E-06
   2002	  8.354E-06
   2003	  8.305E-06
   2004	  8.256E-06
   2005	  8.207E-06
   2006	  8.159E-06
   2007	  8.111E-06
   2008	  8.063E-06
   2009	  8.015E-06
   2010	  7.968E-06
   2011	  7.921E-06
   2012	  7.874E-06
   2013	  7.828E-06
   2014	  7.782E-06
   2015	  7.736E-06
   2016	  7.690E-06
   2017	  7.645E-06
   2018	  7.599E-06
   2019	  7.555E-06
   2020	  7.510E-06
   2021	  7.466E-06
   2022	  7.422E-06
   2023	  7.378E-06
   2024	  7.334E-06
   2025	  7.291E-06
   2026	  7.248E-06
   2027	  7.205E-06
   2028	  7.163E-06
   2029	  7.120E-06
   2030	  7.078E-06
   2031	  7.036E-06
   2032	  6.995E-06
   2033	  6.954E-06
   2034	  6.913E-06
   2035	  6.872E-06
   2036	  6.831E-06
   2037	  6.791E-06
   2038	  6.751E-06
   2039	  6.711E-06
   2040	  6.671E-06
   2041	  6.632E-06
   2042	  6.593E-06
   2043	  6.554E-06
   2044	  6.515E-06
   2045	  6.477E-06
   2046	  6.438E-06
   2047	  6.400E-06
   2048	  6.363E-06
   2049	  6.325E-06
   2050	  6.288E-06
   2051	  6.251E-06
   2052	  6.214E-06
   2053	  6.177E-06
   2054	  6.141E-06
   2055	  6.104E-06
   2056	  6.068E-06
   2057	  6.033E-06
   2058	  5.997E-06
   2059	  5.962E-06
   2060	  5.926E-06
   2061	  5.891E-06
   2062	  5.857E-06
   2063	  5.822E-06
   2064	  5.788E-06
   2065	  5.753E-06
   2066	  5.720E-06
   2067	  5.686E-06
   2068	  5.652E-06
   2069	  5.619E-06
   2070	  5.586E-06
   2071	  5.553E-06
   2072	  5.520E-06
   2073	  5.487E-06
   2074	  5.455E-06
   2075	  5.423E-06
   2076	  5.391E-06
   2077	  5.359E-06
   2078	  5.327E-06
   2079	  5.296E-06
   2080	  5.265E-06
   2081	  5.233E-06
   2082	  5.203E-06
   2083	  5.172E-06
   2084	  5.141E-06
   2085	  5.111E-06
   2086	  5.081E-06
   2087	  5.051E-06
   2088	  5.021E-06
   2089	  4.991E-06
   2090	  4.962E-06
   2091	  4.933E-06
   2092	  4.903E-06
   2093	  4.875E-06
   2094	  4.846E-06
   2095	  4.817E-06
   2096	  4.789E-06
   2097	  4.760E-06
   2098	  4.732E-06
   2099	  4.704E-06
   2100	  4.677E-06
   2101	  4.649E-06
   2102	  4.622E-06
   2103	  4.594E-06
   2104	  4.567E-06
   2105	  4.540E-06
   2106	  4.513E-06
   2107	  4.487E-06
   2108	  4.460E-06
   2109	  4.434E-06
   2110	  4.408E-06
   2111	  4.382E-06
   2112	  4.356E-06
   2113	  4.330E-06
   2114	  4.305E-06
   2115	  4.279E-06
   2116	  4.254E-06
   2117	  4.229E-06
   2118	  4.204E-06
   2119	  4.179E-06
   2120	  4.154E-06
   2121	  4.130E-06
   2122	  4.106E-06
   2123	  4.081E-06
   2124	  4.057E-06
   2125	  4.033E-06
   2126	  4.009E-06
   2127	  3.986E-06
   2128	  3.962E-06
   2129	  3.939E-06
   2130	  3.916E-06
   2131	  3.892E-06
   2132	  3.869E-06
   2133	  3.847E-06
   2134	  3.824E-06
   2135	  3.801E-06
   2136	  3.779E-06
   2137	  3.757E-06
   2138	  3.734E-06
   2139	  3.712E-06
   2140	  3.690E-06
   2141	  3.669E-06
   2142	  3.647E-06
   2143	  3.626E-06
   2144	  3.604E-06
   2145	  3.583E-06
   2146	  3.562E-06
   2147	  3.541E-06
   2148	  3.520E-06
   2149	  3.499E-06
   2150	  3.478E-06
   2151	  3.458E-06
   2152	  3.437E-06
   2153	  3.417E-06
   2154	  3.397E-06
   2155	  3.377E-06
   2156	  3.357E-06
   2157	  3.337E-06
   2158	  3.317E-06
   2159	  3.298E-06
   2160	  3.278E-06
   2161	  3.259E-06
   2162	  3.240E-06
   2163	  3.221E-06
   2164	  3.202E-06
   2165	  3.183E-06
   2166	  3.164E-06
   2167	  3.145E-06
   2168	  3.127E-06
   2169	  3.108E-06
   2170	  3.090E-06
   2171	  3.072E-06
   2172	  3.054E-06
   2173	  3.035E-06
   2174	  3.018E-06
   2175	  3.000E-06
   2176	  2.982E-06
   2177	  2.964E-06
   2178	  2.947E-06
   2179	  2.930E-06
   2180	  2.912E-06
   2181	  2.895E-06
   2182	  2.878E-06
   2183	  2.861E-06
   2184	  2.844E-06
   2185	  2.827E-06
   2186	  2.811E-06
   2187	  2.794E-06
   2188	  2.778E-06
   2189	  2.761E-06
   2190	  2.745E-06
   2191	  2.729E-06
   2192	  2.713E-06
   2193	  2.697E-06
   2194	  2.681E-06
   2195	  2.665E-06
   2196	  2.649E-06
   2197	  2.633E-06
   2198	  2.618E-06
   2199	  2.602E-06
   2200	  2.587E-06
   2201	  2.572E-06
   2202	  2.557E-06
   2203	  2.542E-06
   2204	  2.526E-06
   2205	  2.512E-06
   2206	  2.497E-06
   2207	  2.482E-06
   2208	  2.467E-06
   2209	  2.453E-06
   2210	  2.438E-06
   2211	  2.424E-06
   2212	  2.410E-06
   2213	  2.395E-06
   2214	  2.381E-06
   2215	  2.367E-06
   2216	  2.353E-06
   2217	  2.339E-06
   2218	  2.326E-06
   2219	  2.312E-06
   2220	  2.298E-06
   2221	  2.285E-06
   2222	  2.271E-06
   2223	  2.258E-06
   2224	  2.244E-06
   2225	  2.231E-06
   2226	  2.218E-06
   2227	  2.205E-06
   2228	  2.192E-06
   2229	  2.179E-06
   2230	  2.166E-06
   2231	  2.153E-06
   2232	  2.141E-06
   2233	  2.128E-06
   2234	  2.115E-06
   2235	  2.103E-06
   2236	  2.090E-06
   2237	  2.078E-06
   2238	  2.066E-06
   2239	  2.054E-06
   2240	  2.042E-06
   2241	  2.029E-06
   2242	  2.017E-06
   2243	  2.006E-06
   2244	  1.994E-06
   2245	  1.982E-06
   2246	  1.970E-06
   2247	  1.959E-06
   2248	  1.947E-06
   2249	  1.936E-06
   2250	  1.924E-06
   2251	  1.913E-06
   2252	  1.901E-06
   2253	  1.890E-06
   2254	  1.879E-06
   2255	  1.868E-06
   2256	  1.857E-06
   2257	  1.846E-06
   2258	  1.835E-06
   2259	  1.824E-06
   2260	  1.814E-06
   2261	  1.803E-06
   2262	  1.792E-06
   2263	  1.782E-06
   2264	  1.771E-06
   2265	  1.761E-06
   2266	  1.750E-06
   2267	  1.740E-06
   2268	  1.730E-06
   2269	  1.719E-06
   2270	  1.709E-06
   2271	  1.699E-06
   2272	  1.689E-06
   2273	  1.679E-06
   2274	  1.669E-06
   2275	  1.659E-06
   2276	  1.650E-06
   2277	  1.640E-06
   2278	  1.630E-06
   2279	  1.621E-06
   2280	  1.611E-06
   2281	  1.601E-06
   2282	  1.592E-06
   2283	  1.583E-06
   2284	  1.573E-06
   2285	  1.564E-06
   2286	  1.555E-06
   2287	  1.546E-06
   2288	  1.536E-06
   2289	  1.527E-06
   2290	  1.518E-06
   2291	  1.509E-06
   2292	  1.501E-06
   2293	  1.492E-06
   2294	  1.483E-06
   2295	  1.474E-06
   2296	  1.465E-06
   2297	  1.457E-06
   2298	  1.448E-06
   2299	  1.440E-06
   2300	  1.431E-06
   2301	  1.423E-06
   2302	  1.414E-06
   2303	  1.406E-06
   2304	  1.398E-06
   2305	  1.389E-06
   2306	  1.381E-06
   2307	  1.373E-06
   2308	  1.365E-06
   2309	  1.357E-06
   2310	  1.349E-06
   2311	  1.341E-06
   2312	  1.333E-06
   2313	  1.325E-06
   2314	  1.317E-06
   2315	  1.309E-06
   2316	  1.302E-06
   2317	  1.294E-06
   2318	  1.286E-06
   2319	  1.279E-06
   2320	  1.271E-06
   2321	  1.264E-06
   2322	  1.256E-06
   2323	  1.249E-06
   2324	  1.242E-06
   2325	  1.234E-06
   2326	  1.227E-06
   2327	  1.220E-06
   2328	  1.212E-06
   2329	  1.205E-06
   2330	  1.198E-06
   2331	  1.191E-06
   2332	  1.184E-06
   2333	  1.177E-06
   2334	  1.170E-06
   2335	  1.163E-06
   2336	  1.156E-06
   2337	  1.150E-06
   2338	  1.143E-06
   2339	  1.136E-06
   2340	  1.129E-06
   2341	  1.123E-06
   2342	  1.116E-06
   2343	  1.109E-06
   2344	  1.103E-06
   2345	  1.096E-06
   2346	  1.090E-06
   2347	  1.083E-06
   2348	  1.077E-06
   2349	  1.071E-06
   2350	  1.064E-06
   2351	  1.058E-06
   2352	  1.052E-06
   2353	  1.046E-06
   2354	  1.039E-06
   2355	  1.033E-06
   2356	  1.027E-06
   2357	  1.021E-06
   2358	  1.015E-06
   2359	  1.009E-06
   2360	  1.003E-06
   2361	  9.973E-07
   2362	  9.914E-07
   2363	  9.855E-07
   2364	  9.797E-07
   2365	  9.739E-07
   2366	  9.682E-07
   2367	  9.625E-07
   2368	  9.568E-07
   2369	  9.511E-07
   2370	  9.455E-07
   2371	  9.399E-07
   2372	  9.344E-07
   2373	  9.289E-07
   2374	  9.234E-07
   2375	  9.179E-07
   2376	  9.125E-07
   2377	  9.071E-07
   2378	  9.018E-07
   2379	  8.965E-07
   2380	  8.912E-07
   2381	  8.859E-07
   2382	  8.807E-07
   2383	  8.755E-07
   2384	  8.703E-07
   2385	  8.652E-07
   2386	  8.601E-07
   2387	  8.550E-07
   2388	  8.499E-07
   2389	  8.449E-07
   2390	  8.399E-07
   2391	  8.350E-07
   2392	  8.301E-07
   2393	  8.252E-07
   2394	  8.203E-07
   2395	  8.154E-07
   2396	  8.106E-07
   2397	  8.058E-07
   2398	  8.011E-07
   2399	  7.964E-07
   2400	  7.917E-07
   2401	  7.870E-07
   2402	  7.823E-07
   2403	  7.777E-07
   2404	  7.731E-07
   2405	  7.686E-07
   2406	  7.640E-07
   2407	  7.595E-07
   2408	  7.550E-07
   2409	  7.506E-07
   2410	  7.461E-07
   2411	  7.417E-07
   2412	  7.374E-07
   2413	  7.330E-07
   2414	  7.287E-07
   2415	  7.244E-07
   2416	  7.201E-07
   2417	  7.158E-07
   2418	  7.116E-07
   2419	  7.074E-07
   2420	  7.032E-07
   2421	  6.991E-07
   2422	  6.950E-07
   2423	  6.909E-07
   2424	  6.868E-07
   2425	  6.827E-07
   2426	  6.787E-07
   2427	  6.747E-07
   2428	  6.707E-07
   2429	  6.668E-07
   2430	  6.628E-07
   2431	  6.589E-07
   2432	  6.550E-07
   2433	  6.511E-07
   2434	  6.473E-07
   2435	  6.435E-07
   2436	  6.397E-07
   2437	  6.359E-07
   2438	  6.322E-07
   2439	  6.284E-07
   2440	  6.247E-07
   2441	  6.210E-07
   2442	  6.174E-07
   2443	  6.137E-07
   2444	  6.101E-07
   2445	  6.065E-07
   2446	  6.029E-07
   2447	  5.993E-07
   2448	  5.958E-07
   2449	  5.923E-07
   2450	  5.888E-07
   2451	  5.853E-07
   2452	  5.819E-07
   2453	  5.784E-07
   2454	  5.750E-07
   2455	  5.716E-07
   2456	  5.682E-07
   2457	  5.649E-07
   2458	  5.616E-07
   2459	  5.582E-07
   2460	  5.549E-07
   2461	  5.517E-07
   2462	  5.484E-07
   2463	  5.452E-07
   2464	  5.420E-07
   2465	  5.388E-07
   2466	  5.356E-07
   2467	  5.324E-07
   2468	  5.293E-07
   2469	  5.261E-07
   2470	  5.230E-07
   2471	  5.200E-07
   2472	  5.169E-07
   2473	  5.138E-07
   2474	  5.108E-07
   2475	  5.078E-07
   2476	  5.048E-07
   2477	  5.018E-07
   2478	  4.988E-07
   2479	  4.959E-07
   2480	  4.930E-07
   2481	  4.901E-07
   2482	  4.872E-07
   2483	  4.843E-07
   2484	  4.814E-07
   2485	  4.786E-07
   2486	  4.758E-07
   2487	  4.730E-07
   2488	  4.702E-07
   2489	  4.674E-07
   2490	  4.646E-07
   2491	  4.619E-07
   2492	  4.592E-07
   2493	  4.565E-07
   2494	  4.538E-07
   2495	  4.511E-07
   2496	  4.484E-07
   2497	  4.458E-07
   2498	  4.431E-07
   2499	  4.405E-07
   2500	  4.379E-07
   2501	  4.353E-07
   2502	  4.328E-07
   2503	  4.302E-07
   2504	  4.277E-07
   2505	  4.251E-07
   2506	  4.226E-07
   2507	  4.201E-07
   2508	  4.177E-07
   2509	  4.152E-07
   2510	  4.127E-07
   2511	  4.103E-07
   2512	  4.079E-07
   2513	  4.055E-07
   2514	  4.031E-07
   2515	  4.007E-07
   2516	  3.983E-07
   2517	  3.960E-07
   2518	  3.937E-07
   2519	  3.913E-07
   2520	  3.890E-07
   2521	  3.867E-07
   2522	  3.844E-07
   2523	  3.822E-07
   2524	  3.799E-07
   2525	  3.777E-07
   2526	  3.754E-07
   2527	  3.732E-07
   2528	  3.710E-07
   2529	  3.688E-07
   2530	  3.667E-07
   2531	  3.645E-07
   2532	  3.623E-07
   2533	  3.602E-07
   2534	  3.581E-07
   2535	  3.560E-07
   2536	  3.539E-07
   2537	  3.518E-07
   2538	  3.497E-07
   2539	  3.476E-07
   2540	  3.456E-07
   2541	  3.435E-07
   2542	  3.415E-07
   2543	  3.395E-07
   2544	  3.375E-07
   2545	  3.355E-07
   2546	  3.335E-07
   2547	  3.315E-07
   2548	  3.296E-07
   2549	  3.276E-07
   2550	  3.257E-07
   2551	  3.238E-07
   2552	  3.219E-07
   2553	  3.200E-07
   2554	  3.181E-07
   2555	  3.162E-07
   2556	  3.143E-07
   2557	  3.125E-07
   2558	  3.106E-07
   2559	  3.088E-07
   2560	  3.070E-07
   2561	  3.052E-07
   2562	  3.034E-07
   2563	  3.016E-07
   2564	  2.998E-07
   2565	  2.980E-07
   2566	  2.963E-07
   2567	  2.945E-07
   2568	  2.928E-07
   2569	  2.911E-07
   2570	  2.893E-07
   2571	  2.876E-07
   2572	  2.859E-07
   2573	  2.842E-07
   2574	  2.826E-07
   2575	  2.809E-07
   2576	  2.792E-07
   2577	  2.776E-07
   2578	  2.759E-07
   2579	  2.743E-07
   2580	  2.727E-07
   2581	  2.711E-07
   2582	  2.695E-07
   2583	  2.679E-07
   2584	  2.663E-07
   2585	  2.647E-07
   2586	  2.632E-07
   2587	  2.616E-07
   2588	  2.601E-07
   2589	  2.585E-07
   2590	  2.570E-07
   2591	  2.555E-07
   2592	  2.540E-07
   2593	  2.525E-07
   2594	  2.510E-07
   2595	  2.495E-07
   2596	  2.481E-07
   2597	  2.466E-07
   2598	  2.451E-07
   2599	  2.437E-07
   2600	  2.422E-07
   2601	  2.408E-07
   2602	  2.394E-07
   2603	  2.380E-07
   2604	  2.366E-07
   2605	  2.352E-07
   2606	  2.338E-07
   2607	  2.324E-07
   2608	  2.310E-07
   2609	  2.297E-07
   2610	  2.283E-07
   2611	  2.270E-07
   2612	  2.256E-07
   2613	  2.243E-07
   2614	  2.230E-07
   2615	  2.217E-07
   2616	  2.204E-07
   2617	  2.190E-07
   2618	  2.178E-07
   2619	  2.165E-07
   2620	  2.152E-07
   2621	  2.139E-07
   2622	  2.127E-07
   2623	  2.114E-07
   2624	  2.102E-07
   2625	  2.089E-07
   2626	  2.077E-07
   2627	  2.065E-07
   2628	  2.052E-07
   2629	  2.040E-07
   2630	  2.028E-07
   2631	  2.016E-07
   2632	  2.004E-07
   2633	  1.993E-07
   2634	  1.981E-07
   2635	  1.969E-07
   2636	  1.957E-07
   2637	  1.946E-07
   2638	  1.934E-07
   2639	  1.923E-07
   2640	  1.912E-07
   2641	  1.900E-07
   2642	  1.889E-07
   2643	  1.878E-07
   2644	  1.867E-07
   2645	  1.856E-07
   2646	  1.845E-07
   2647	  1.834E-07
   2648	  1.823E-07
   2649	  1.812E-07
   2650	  1.802E-07
   2651	  1.791E-07
   2652	  1.781E-07
   2653	  1.770E-07
   2654	  1.760E-07
   2655	  1.749E-07
   2656	  1.739E-07
   2657	  1.729E-07
   2658	  1.718E-07
   2659	  1.708E-07
   2660	  1.698E-07
   2661	  1.688E-07
   2662	  1.678E-07
   2663	  1.668E-07
   2664	  1.658E-07
   2665	  1.649E-07
   2666	  1.639E-07
   2667	  1.629E-07
   2668	  1.620E-07
   2669	  1.610E-07
   2670	  1.601E-07
   2671	  1.591E-07
   2672	  1.582E-07
   2673	  1.572E-07
   2674	  1.563E-07
   2675	  1.554E-07
   2676	  1.545E-07
   2677	  1.536E-07
   2678	  1.526E-07
   2679	  1.517E-07
   2680	  1.508E-07
   2681	  1.500E-07
   2682	  1.491E-07
   2683	  1.482E-07
   2684	  1.473E-07
   2685	  1.464E-07
   2686	  1.456E-07
   2687	  1.447E-07
   2688	  1.439E-07
   2689	  1.430E-07
   2690	  1.422E-07
   2691	  1.413E-07
   2692	  1.405E-07
   2693	  1.397E-07
   2694	  1.388E-07
   2695	  1.380E-07
   2696	  1.372E-07
   2697	  1.364E-07
   2698	  1.356E-07
   2699	  1.348E-07
   2700	  1.340E-07
   2701	  1.332E-07
   2702	  1.324E-07
   2703	  1.316E-07
   2704	  1.309E-07
   2705	  1.301E-07
   2706	  1.293E-07
   2707	  1.286E-07
   2708	  1.278E-07
   2709	  1.270E-07
   2710	  1.263E-07
   2711	  1.256E-07
   2712	  1.248E-07
   2713	  1.241E-07
   2714	  1.233E-07
   2715	  1.226E-07
   2716	  1.219E-07
   2717	  1.212E-07
   2718	  1.205E-07
   2719	  1.197E-07
   2720	  1.190E-07
   2721	  1.183E-07
   2722	  1.176E-07
   2723	  1.169E-07
   2724	  1.163E-07
   2725	  1.156E-07
   2726	  1.149E-07
   2727	  1.142E-07
   2728	  1.135E-07
   2729	  1.129E-07
   2730	  1.122E-07
   2731	  1.115E-07
   2732	  1.109E-07
   2733	  1.102E-07
   2734	  1.096E-07
   2735	  1.089E-07
   2736	  1.083E-07
   2737	  1.076E-07
   2738	  1.070E-07
   2739	  1.064E-07
   2740	  1.057E-07
   2741	  1.051E-07
   2742	  1.045E-07
   2743	  1.039E-07
   2744	  1.033E-07
   2745	  1.027E-07
   2746	  1.021E-07
   2747	  1.015E-07
   2748	  1.009E-07
   2749	  1.003E-07
   2750	  9.966E-08
   2751	  9.908E-08
   2752	  9.849E-08
   2753	  9.791E-08
   2754	  9.733E-08
   2755	  9.676E-08
   2756	  9.619E-08
   2757	  9.562E-08
   2758	  9.505E-08
   2759	  9.449E-08
   2760	  9.394E-08
   2761	  9.338E-08
   2762	  9.283E-08
   2763	  9.228E-08
   2764	  9.174E-08
   2765	  9.120E-08
   2766	  9.066E-08
   2767	  9.012E-08
   2768	  8.959E-08
   2769	  8.906E-08
   2770	  8.854E-08
   2771	  8.801E-08
   2772	  8.749E-08
   2773	  8.698E-08
   2774	  8.646E-08
   2775	  8.595E-08
   2776	  8.545E-08
   2777	  8.494E-08
   2778	  8.444E-08
   2779	  8.394E-08
   2780	  8.345E-08
   2781	  8.295E-08
   2782	  8.246E-08
   2783	  8.198E-08
   2784	  8.149E-08
   2785	  8.101E-08
   2786	  8.053E-08
   2787	  8.006E-08
   2788	  7.958E-08
   2789	  7.911E-08
   2790	  7.865E-08
   2791	  7.818E-08
   2792	  7.772E-08
   2793	  7.726E-08
   2794	  7.681E-08
   2795	  7.635E-08
   2796	  7.590E-08
   2797	  7.546E-08
   2798	  7.501E-08
   2799	  7.457E-08
   2800	  7.413E-08
   2801	  7.369E-08
   2802	  7.325E-08
   2803	  7.282E-08
   2804	  7.239E-08
   2805	  7.196E-08
   2806	  7.154E-08
   2807	  7.112E-08
   2808	  7.070E-08
   2809	  7.028E-08
   2810	  6.987E-08
   2811	  6.945E-08
   2812	  6.904E-08
   2813	  6.863E-08
   2814	  6.823E-08
   2815	  6.783E-08
   2816	  6.743E-08
   2817	  6.703E-08
   2818	  6.663E-08
   2819	  6.624E-08
   2820	  6.585E-08
   2821	  6.546E-08
   2822	  6.507E-08
   2823	  6.469E-08
   2824	  6.431E-08
   2825	  6.393E-08
   2826	  6.355E-08
   2827	  6.318E-08
   2828	  6.280E-08
   2829	  6.243E-08
   2830	  6.206E-08
   2831	  6.170E-08
   2832	  6.133E-08
   2833	  6.097E-08
   2834	  6.061E-08
   2835	  6.025E-08
   2836	  5.990E-08
   2837	  5.954E-08
   2838	  5.919E-08
   2839	  5.884E-08
   2840	  5.849E-08
   2841	  5.815E-08
   2842	  5.781E-08
   2843	  5.747E-08
   2844	  5.713E-08
   2845	  5.679E-08
   2846	  5.645E-08
   2847	  5.612E-08
   2848	  5.579E-08
   2849	  5.546E-08
   2850	  5.513E-08
   2851	  5.481E-08
   2852	  5.448E-08
   2853	  5.416E-08
   2854	  5.384E-08
   2855	  5.352E-08
   2856	  5.321E-08
   2857	  5.289E-08
   2858	  5.258E-08
   2859	  5.227E-08
   2860	  5.196E-08
   2861	  5.166E-08
   2862	  5.135E-08
   2863	  5.105E-08
   2864	  5.075E-08
   2865	  5.045E-08
   2866	  5.015E-08
   2867	  4.985E-08
   2868	  4.956E-08
   2869	  4.927E-08
   2870	  4.897E-08
   2871	  4.869E-08
   2872	  4.840E-08
   2873	  4.811E-08
   2874	  4.783E-08
   2875	  4.755E-08
   2876	  4.727E-08
   2877	  4.699E-08
   2878	  4.671E-08
   2879	  4.643E-08
   2880	  4.616E-08
   2881	  4.589E-08
   2882	  4.562E-08
   2883	  4.535E-08
   2884	  4.508E-08
   2885	  4.481E-08
   2886	  4.455E-08
   2887	  4.429E-08
   2888	  4.402E-08
   2889	  4.376E-08
   2890	  4.351E-08
   2891	  4.325E-08
   2892	  4.299E-08
   2893	  4.274E-08
   2894	  4.249E-08
   2895	  4.224E-08
   2896	  4.199E-08
   2897	  4.174E-08
   2898	  4.149E-08
   2899	  4.125E-08
   2900	  4.100E-08
   2901	  4.076E-08
   2902	  4.052E-08
   2903	  4.028E-08
   2904	  4.004E-08
   2905	  3.981E-08
   2906	  3.957E-08
   2907	  3.934E-08
   2908	  3.911E-08
   2909	  3.888E-08
   2910	  3.865E-08
   2911	  3.842E-08
   2912	  3.819E-08
   2913	  3.797E-08
   2914	  3.774E-08
   2915	  3.752E-08
   2916	  3.730E-08
   2917	  3.708E-08
   2918	  3.686E-08
   2919	  3.664E-08
   2920	  3.642E-08
   2921	  3.621E-08
   2922	  3.600E-08
   2923	  3.578E-08
   2924	  3.557E-08
   2925	  3.536E-08
   2926	  3.515E-08
   2927	  3.495E-08
   2928	  3.474E-08
   2929	  3.454E-08
   2930	  3.433E-08
   2931	  3.413E-08
   2932	  3.393E-08
   2933	  3.373E-08
   2934	  3.353E-08
   2935	  3.333E-08
   2936	  3.313E-08
   2937	  3.294E-08
   2938	  3.274E-08
   2939	  3.255E-08
   2940	  3.236E-08
   2941	  3.217E-08
   2942	  3.198E-08
   2943	  3.179E-08
   2944	  3.160E-08
   2945	  3.141E-08
   2946	  3.123E-08
   2947	  3.104E-08
   2948	  3.086E-08
   2949	  3.068E-08
   2950	  3.050E-08
   2951	  3.032E-08
   2952	  3.014E-08
   2953	  2.996E-08
   2954	  2.978E-08
   2955	  2.961E-08
   2956	  2.943E-08
   2957	  2.926E-08
   2958	  2.909E-08
   2959	  2.891E-08
   2960	  2.874E-08
   2961	  2.857E-08
   2962	  2.841E-08
   2963	  2.824E-08
   2964	  2.807E-08
   2965	  2.791E-08
   2966	  2.774E-08
   2967	  2.758E-08
   2968	  2.741E-08
   2969	  2.725E-08
   2970	  2.709E-08
   2971	  2.693E-08
   2972	  2.677E-08
   2973	  2.661E-08
   2974	  2.646E-08
   2975	  2.630E-08
   2976	  2.615E-08
   2977	  2.599E-08
   2978	  2.584E-08
   2979	  2.569E-08
   2980	  2.553E-08
   2981	  2.538E-08
   2982	  2.523E-08
   2983	  2.508E-08
   2984	  2.494E-08
   2985	  2.479E-08
   2986	  2.464E-08
   2987	  2.450E-08
   2988	  2.435E-08
   2989	  2.421E-08
   2990	  2.407E-08
   2991	  2.392E-08
   2992	  2.378E-08
   2993	  2.364E-08
   2994	  2.350E-08
   2995	  2.336E-08
   2996	  2.323E-08
   2997	  2.309E-08
   2998	  2.295E-08
   2999	  2.282E-08
   3000	  2.268E-08
   3001	  2.255E-08
   3002	  2.242E-08
   3003	  2.228E-08
   3004	  2.215E-08
   3005	  2.202E-08
   3006	  2.189E-08
   3007	  2.176E-08
   3008	  2.163E-08
   3009	  2.151E-08
   3010	  2.138E-08
   3011	  2.125E-08
   3012	  2.113E-08
   3013	  2.100E-08
   3014	  2.088E-08
   3015	  2.075E-08
   3016	  2.063E-08
   3017	  2.051E-08
   3018	  2.039E-08
   3019	  2.027E-08
   3020	  2.015E-08
   3021	  2.003E-08
   3022	  1.991E-08
   3023	  1.979E-08
   3024	  1.968E-08
   3025	  1.956E-08
   3026	  1.945E-08
   3027	  1.933E-08
   3028	  1.922E-08
   3029	  1.910E-08
   3030	  1.899E-08
   3031	  1.888E-08
   3032	  1.877E-08
   3033	  1.866E-08
   3034	  1.855E-08
   3035	  1.844E-08
   3036	  1.833E-08
   3037	  1.822E-08
   3038	  1.811E-08
   3039	  1.801E-08
   3040	  1.790E-08
   3041	  1.779E-08
   3042	  1.769E-08
   3043	  1.758E-08
   3044	  1.748E-08
   3045	  1.738E-08
   3046	  1.727E-08
   3047	  1.717E-08
   3048	  1.707E-08
   3049	  1.697E-08
   3050	  1.687E-08
   3051	  1.677E-08
   3052	  1.667E-08
   3053	  1.657E-08
   3054	  1.648E-08
   3055	  1.638E-08
   3056	  1.628E-08
   3057	  1.619E-08
   3058	  1.609E-08
   3059	  1.599E-08
   3060	  1.590E-08
   3061	  1.581E-08
   3062	  1.571E-08
   3063	  1.562E-08
   3064	  1.553E-08
   3065	  1.544E-08
   3066	  1.535E-08
   3067	  1.526E-08
   3068	  1.516E-08
   3069	  1.508E-08
   3070	  1.499E-08
   3071	  1.490E-08
   3072	  1.481E-08
   3073	  1.472E-08
   3074	  1.464E-08
   3075	  1.455E-08
   3076	  1.446E-08
   3077	  1.438E-08
   3078	  1.429E-08
   3079	  1.421E-08
   3080	  1.412E-08
   3081	  1.404E-08
   3082	  1.396E-08
   3083	  1.388E-08
   3084	  1.379E-08
   3085	  1.371E-08
   3086	  1.363E-08
   3087	  1.355E-08
   3088	  1.347E-08
   3089	  1.339E-08
   3090	  1.331E-08
   3091	  1.323E-08
   3092	  1.316E-08
   3093	  1.308E-08
   3094	  1.300E-08
   3095	  1.292E-08
   3096	  1.285E-08
   3097	  1.277E-08
   3098	  1.270E-08
   3099	  1.262E-08
   3100	  1.255E-08
   3101	  1.247E-08
   3102	  1.240E-08
   3103	  1.233E-08
   3104	  1.225E-08
   3105	  1.218E-08
   3106	  1.211E-08
   3107	  1.204E-08
   3108	  1.197E-08
   3109	  1.190E-08
   3110	  1.183E-08
   3111	  1.176E-08
   3112	  1.169E-08
   3113	  1.162E-08
   3114	  1.155E-08
   3115	  1.148E-08
   3116	  1.141E-08
   3117	  1.135E-08
   3118	  1.128E-08
   3119	  1.121E-08
   3120	  1.115E-08
   3121	  1.108E-08
   3122	  1.102E-08
   3123	  1.095E-08
   3124	  1.088E-08
   3125	  1.082E-08
   3126	  1.076E-08
   3127	  1.069E-08
   3128	  1.063E-08
   3129	  1.057E-08
   3130	  1.050E-08
   3131	  1.044E-08
   3132	  1.038E-08
   3133	  1.032E-08
   3134	  1.026E-08
   3135	  1.020E-08
   3136	  1.014E-08
   3137	  1.008E-08
   3138	  1.002E-08
   3139	  9.960E-09
   3140	  9.901E-09
   3141	  9.842E-09
   3142	  9.784E-09
   3143	  9.727E-09
   3144	  9.669E-09
   3145	  9.612E-09
   3146	  9.556E-09
   3147	  9.499E-09
   3148	  9.443E-09
   3149	  9.388E-09
   3150	  9.332E-09
   3151	  9.277E-09
   3152	  9.222E-09
   3153	  9.167E-09
   3154	  9.114E-09
   3155	  9.059E-09
   3156	  9.006E-09
   3157	  8.954E-09
   3158	  8.901E-09
   3159	  8.848E-09
   3160	  8.796E-09
   3161	  8.744E-09
   3162	  8.693E-09
   3163	  8.641E-09
   3164	  8.590E-09
   3165	  8.539E-09
   3166	  8.489E-09
   3167	  8.438E-09
   3168	  8.388E-09
   3169	  8.339E-09
   3170	  8.290E-09
   3171	  8.241E-09
   3172	  8.192E-09
   3173	  8.144E-09
   3174	  8.096E-09
   3175	  8.048E-09
   3176	  8.001E-09
   3177	  7.953E-09
   3178	  7.906E-09
   3179	  7.859E-09
   3180	  7.813E-09
   3181	  7.767E-09
   3182	  7.721E-09
   3183	  7.676E-09
   3184	  7.631E-09
   3185	  7.586E-09
   3186	  7.540E-09
   3187	  7.497E-09
   3188	  7.452E-09
   3189	  7.408E-09
   3190	  7.364E-09
   3191	  7.320E-09
   3192	  7.278E-09
   3193	  7.235E-09
   3194	  7.192E-09
   3195	  7.149E-09
   3196	  7.107E-09
  3275	  4.452E-09
   3276	  4.425E-09
   3277	  4.400E-09
   3278	  4.373E-09
   3279	  4.348E-09
   3280	  4.323E-09
   3281	  4.297E-09
   3282	  4.272E-09
   3283	  4.246E-09
   3284	  4.220E-09
   3285	  4.196E-09
   3286	  4.172E-09
   3287	  4.147E-09
   3288	  4.123E-09
   3289	  4.098E-09
   3290	  4.073E-09
   3291	  4.050E-09
   3292	  4.026E-09
   3293	  4.002E-09
   3294	  3.978E-09
   3295	  3.955E-09
   3296	  3.932E-09
   3297	  3.908E-09
   3298	  3.885E-09
   3299	  3.862E-09
   3300	  3.839E-09
   3301	  3.817E-09
   3302	  3.794E-09
   3303	  3.772E-09
   3304	  3.750E-09
   3305	  3.727E-09
   3306	  3.706E-09
   3307	  3.685E-09
   3308	  3.663E-09
   3309	  3.640E-09
   3310	  3.619E-09
   3311	  3.597E-09
   3312	  3.577E-09
   3313	  3.555E-09
   3314	  3.534E-09
   3315	  3.513E-09
   3316	  3.492E-09
   3317	  3.472E-09
   3318	  3.451E-09
   3319	  3.431E-09
   3320	  3.411E-09
   3321	  3.391E-09
   3322	  3.370E-09
   3323	  3.351E-09
   3324	  3.331E-09
   3325	  3.311E-09
   3326	  3.292E-09
   3327	  3.272E-09
   3328	  3.253E-09
   3329	  3.234E-09
   3330	  3.215E-09
   3331	  3.196E-09
   3332	  3.176E-09
   3333	  3.158E-09
   3334	  3.140E-09
   3335	  3.121E-09
   3336	  3.103E-09
   3337	  3.084E-09
   3338	  3.066E-09
   3339	  3.048E-09
   3340	  3.030E-09
   3341	  3.013E-09
   3342	  2.994E-09
   3343	  2.976E-09
   3344	  2.959E-09
   3345	  2.942E-09
   3346	  2.924E-09
   3347	  2.907E-09
   3348	  2.889E-09
   3349	  2.873E-09
   3350	  2.856E-09
   3351	  2.839E-09
   3352	  2.822E-09
   3353	  2.806E-09
   3354	  2.789E-09
   3355	  2.773E-09
   3356	  2.756E-09
   3357	  2.739E-09
   3358	  2.724E-09
   3359	  2.708E-09
   3360	  2.692E-09
   3361	  2.676E-09
   3362	  2.660E-09
   3363	  2.645E-09
   3364	  2.629E-09
   3365	  2.613E-09
   3366	  2.598E-09
   3367	  2.583E-09
   3368	  2.568E-09
   3369	  2.553E-09
   3370	  2.537E-09
   3371	  2.522E-09
   3372	  2.507E-09
   3373	  2.492E-09
   3374	  2.478E-09
   3375	  2.463E-09
   3376	  2.449E-09
   3377	  2.433E-09
   3378	  2.420E-09
   3379	  2.405E-09
   3380	  2.392E-09
   3381	  2.378E-09
   3382	  2.363E-09
   3383	  2.349E-09
   3384	  2.335E-09
   3385	  2.321E-09
   3386	  2.307E-09
   3387	  2.294E-09
   3388	  2.281E-09
   3389	  2.267E-09
   3390	  2.254E-09
   3391	  2.241E-09
   3392	  2.227E-09
   3393	  2.214E-09
   3394	  2.201E-09
   3395	  2.188E-09
   3396	  2.175E-09
   3397	  2.162E-09
   3398	  2.149E-09
   3399	  2.137E-09
   3400	  2.124E-09
   3401	  2.111E-09
   3402	  2.099E-09
   3403	  2.087E-09
   3404	  2.074E-09
   3405	  2.062E-09
   3406	  2.050E-09
   3407	  2.038E-09
   3408	  2.026E-09
   3409	  2.014E-09
   3410	  2.002E-09
   3411	  1.990E-09
   3412	  1.978E-09
   3413	  1.967E-09
   3414	  1.955E-09
   3415	  1.943E-09
   3416	  1.932E-09
   3417	  1.921E-09
   3418	  1.909E-09
   3419	  1.898E-09
   3420	  1.887E-09
   3421	  1.875E-09
   3422	  1.865E-09
   3423	  1.854E-09
   3424	  1.843E-09
   3425	  1.832E-09
   3426	  1.821E-09
   3427	  1.810E-09
   3428	  1.799E-09
   3429	  1.789E-09
   3430	  1.779E-09
   3431	  1.768E-09
   3432	  1.757E-09
   3433	  1.747E-09
   3434	  1.737E-09
   3435	  1.726E-09
   3436	  1.716E-09
   3437	  1.706E-09
   3438	  1.697E-09
   3439	  1.686E-09
   3440	  1.677E-09
   3441	  1.666E-09
   3442	  1.657E-09
   3443	  1.647E-09
   3444	  1.637E-09
   3445	  1.627E-09
   3446	  1.617E-09
   3447	  1.608E-09
   3448	  1.599E-09
   3449	  1.589E-09
   3450	  1.579E-09
   3451	  1.570E-09
   3452	  1.562E-09
   3453	  1.552E-09
   3454	  1.543E-09
   3455	  1.534E-09
   3456	  1.525E-09
   3457	  1.516E-09
   3458	  1.507E-09
   3459	  1.498E-09
   3460	  1.489E-09
   3461	  1.480E-09
   3462	  1.472E-09
   3463	  1.464E-09
   3464	  1.455E-09
   3465	  1.446E-09
   3466	  1.437E-09
   3467	  1.428E-09
   3468	  1.420E-09
   3469	  1.412E-09
   3470	  1.404E-09
   3471	  1.395E-09
   3472	  1.387E-09
   3473	  1.378E-09
   3474	  1.371E-09
   3475	  1.362E-09
   3476	  1.355E-09
   3477	  1.347E-09
   3478	  1.339E-09
   3479	  1.331E-09
   3480	  1.323E-09
   3481	  1.315E-09
   3482	  1.307E-09
   3483	  1.299E-09
   3484	  1.292E-09
   3485	  1.285E-09
   3486	  1.277E-09
   3487	  1.270E-09
   3488	  1.262E-09
   3489	  1.255E-09
   3490	  1.247E-09
   3491	  1.240E-09
   3492	  1.232E-09
   3493	  1.225E-09
   3494	  1.218E-09
   3495	  1.210E-09
   3496	  1.203E-09
   3497	  1.196E-09
   3498	  1.189E-09
   3499	  1.183E-09
   3500	  1.175E-09
   3501	  1.168E-09
   3502	  1.161E-09
   3503	  1.155E-09
   3504	  1.148E-09
   3505	  1.141E-09
   3506	  1.134E-09
   3507	  1.128E-09
   3508	  1.121E-09
   3509	  1.114E-09
   3510	  1.108E-09
   3511	  1.101E-09
   3512	  1.095E-09
   3513	  1.088E-09
   3514	  1.082E-09
   3515	  1.075E-09
   3516	  1.069E-09
   3517	  1.063E-09
   3518	  1.056E-09
   3519	  1.050E-09
   3520	  1.044E-09
   3521	  1.038E-09
   3522	  1.032E-09
   3523	  1.026E-09
   3524	  1.020E-09
   3525	  1.013E-09
   3526	  1.007E-09
   3527	  1.002E-09
   3528	  9.956E-10
   3529	  9.896E-10
   3530	  9.840E-10
   3531	  9.781E-10
   3532	  9.723E-10
   3533	  9.666E-10
   3534	  9.611E-10
   3535	  9.554E-10
   3536	  9.499E-10
   3537	  9.439E-10
   3538	  9.381E-10
   3539	  9.329E-10
   3540	  9.278E-10
   3541	  9.223E-10
   3542	  9.165E-10
   3543	  9.113E-10
   3544	  9.062E-10
   3545	  9.008E-10
   3546	  8.949E-10
   3547	  8.896E-10
   3548	  8.848E-10
   3549	  8.794E-10
   3550	  8.744E-10
   3551	  8.690E-10
   3552	  8.636E-10
   3553	  8.587E-10
   3554	  8.537E-10
   3555	  8.486E-10
   3556	  8.437E-10
   3557	  8.391E-10
   3558	  8.336E-10
   3559	  8.289E-10
   3560	  8.240E-10
   3561	  8.190E-10
   3562	  8.140E-10
   3563	  8.093E-10
   3564	  8.047E-10
   3565	  7.998E-10
   3566	  7.950E-10
   3567	  7.907E-10
   3568	  7.859E-10
   3569	  7.814E-10
   3570	  7.763E-10
   3571	  7.720E-10
   3572	  7.673E-10
   3573	  7.631E-10
   3574	  7.586E-10
   3575	  7.541E-10
   3576	  7.495E-10
   3577	  7.449E-10
   3578	  7.407E-10
   3579	  7.365E-10
   3580	  7.321E-10
   3581	  7.276E-10
   3582	  7.232E-10
   3583	  7.192E-10
   3584	  7.148E-10
   3585	  7.107E-10
   3586	  7.066E-10
   3587	  7.029E-10
   3588	  6.983E-10
   3589	  6.941E-10
   3590	  6.898E-10
   3591	  6.861E-10
   3592	  6.820E-10
   3593	  6.776E-10
   3594	  6.738E-10
   3595	  6.698E-10
   3596	  6.657E-10
   3597	  6.620E-10
   3598	  6.585E-10
   3599	  6.543E-10
   3600	  6.501E-10
   3601	  6.464E-10
   3602	  6.430E-10
   3603	  6.391E-10
   3604	  6.351E-10
   3605	  6.316E-10
   3606	  6.274E-10
   3607	  6.236E-10
   3608	  6.199E-10
   3609	  6.167E-10
   3610	  6.129E-10
   3611	  6.097E-10
   3612	  6.061E-10
   3613	  6.025E-10
   3614	  5.985E-10
   3615	  5.949E-10
   3616	  5.921E-10
   3617	  5.879E-10
   3618	  5.849E-10
   3619	  5.814E-10
   3620	  5.778E-10
   3621	  5.746E-10
   3622	  5.714E-10
   3623	  5.675E-10
   3624	  5.644E-10
   3625	  5.607E-10
   3626	  5.573E-10
   3627	  5.546E-10
   3628	  5.510E-10
   3629	  5.479E-10
   3630	  5.444E-10
   3631	  5.412E-10
   3632	  5.382E-10
   3633	  5.350E-10
   3634	  5.317E-10
   3635	  5.287E-10
   3636	  5.258E-10
   3637	  5.223E-10
   3638	  5.194E-10
   3639	  5.162E-10
   3640	  5.133E-10
   3641	  5.104E-10
   3642	  5.073E-10
   3643	  5.042E-10
   3644	  5.017E-10
   3645	  4.986E-10
   3646	  4.954E-10
   3647	  4.922E-10
   3648	  4.894E-10
   3649	  4.867E-10
   3650	  4.838E-10
   3651	  4.809E-10
   3652	  4.788E-10
   3653	  4.758E-10
   3654	  4.728E-10
   3655	  4.695E-10
   3656	  4.671E-10
   3657	  4.641E-10
   3658	  4.616E-10
   3659	  4.590E-10
   3660	  4.561E-10
   3661	  4.530E-10
   3662	  4.506E-10
   3663	  4.481E-10
   3664	  4.457E-10
   3665	  4.430E-10
   3666	  4.404E-10
   3667	  4.377E-10
   3668	  4.349E-10
   3669	  4.323E-10
   3670	  4.299E-10
   3671	  4.271E-10
   3672	  4.250E-10
   3673	  4.230E-10
   3674	  4.198E-10
   3675	  4.172E-10
   3676	  4.148E-10
   3677	  4.121E-10
   3678	  4.099E-10
   3679	  4.075E-10
   3680	  4.053E-10
   3681	  4.025E-10
   3682	  4.001E-10
   3683	  3.981E-10
   3684	  3.961E-10
   3685	  3.934E-10
   3686	  3.909E-10
   3687	  3.883E-10
   3688	  3.867E-10
   3689	  3.842E-10
   3690	  3.821E-10
   3691	  3.797E-10
   3692	  3.777E-10
   3693	  3.752E-10
   3694	  3.730E-10
   3695	  3.706E-10
   3696	  3.689E-10
   3697	  3.667E-10
   3698	  3.645E-10
   3699	  3.622E-10
   3700	  3.603E-10
   3701	  3.580E-10
   3702	  3.557E-10
   3703	  3.537E-10
   3704	  3.519E-10
   3705	  3.497E-10
   3706	  3.477E-10
   3707	  3.454E-10
   3708	  3.434E-10
   3709	  3.415E-10
   3710	  3.393E-10
   3711	  3.374E-10
 CPU Time =   1.173E+01 seconds,   3711 iterations
