Genearlized Minimal Residual Maximum Residual at each iteration

      0	  2.325E+00
      1	  2.307E+00
      2	  2.242E+00
      3	  2.130E+00
      4	  1.971E+00
      5	  1.786E+00
      6	  1.600E+00
      7	  1.414E+00
      8	  1.207E+00
      9	  9.801E-01
     10	  7.706E-01
     10	  7.706E-01
     11	  6.969E-01
     12	  6.485E-01
     13	  6.060E-01
     14	  5.587E-01
     15	  5.121E-01
     16	  4.712E-01
     17	  4.260E-01
     18	  3.884E-01
     19	  3.645E-01
     20	  3.403E-01
     20	  3.403E-01
     21	  3.307E-01
     22	  3.177E-01
     23	  3.024E-01
     24	  2.888E-01
     25	  2.708E-01
     26	  2.567E-01
     27	  2.432E-01
     28	  2.284E-01
     29	  2.148E-01
     30	  2.016E-01
     30	  2.016E-01
     31	  1.913E-01
     32	  1.820E-01
     33	  1.732E-01
     34	  1.652E-01
     35	  1.579E-01
     36	  1.512E-01
     37	  1.435E-01
     38	  1.378E-01
     39	  1.330E-01
     40	  1.263E-01
     40	  1.263E-01
     41	  1.223E-01
     42	  1.181E-01
     43	  1.143E-01
     44	  1.097E-01
     45	  1.039E-01
     46	  9.918E-02
     47	  9.513E-02
     48	  9.025E-02
     49	  8.580E-02
     50	  8.223E-02
     50	  8.223E-02
     51	  7.906E-02
     52	  7.558E-02
     53	  7.155E-02
     54	  6.839E-02
     55	  6.549E-02
     56	  6.285E-02
     57	  5.965E-02
     58	  5.748E-02
     59	  5.542E-02
     60	  5.109E-02
     60	  5.109E-02
     61	  4.821E-02
     62	  4.655E-02
     63	  4.497E-02
     64	  4.320E-02
     65	  4.120E-02
     66	  3.938E-02
     67	  3.768E-02
     68	  3.564E-02
     69	  3.386E-02
     70	  3.278E-02
     70	  3.278E-02
     71	  3.184E-02
     72	  3.021E-02
     73	  2.870E-02
     74	  2.733E-02
     75	  2.623E-02
     76	  2.522E-02
     77	  2.407E-02
     78	  2.303E-02
     79	  2.226E-02
     80	  2.063E-02
     80	  2.063E-02
     81	  1.932E-02
     82	  1.866E-02
     83	  1.798E-02
     84	  1.737E-02
     85	  1.650E-02
     86	  1.579E-02
     87	  1.509E-02
     88	  1.436E-02
     89	  1.358E-02
     90	  1.314E-02
     90	  1.314E-02
     91	  1.278E-02
     92	  1.211E-02
     93	  1.152E-02
     94	  1.097E-02
     95	  1.055E-02
     96	  1.014E-02
     97	  9.642E-03
     98	  9.258E-03
     99	  8.931E-03
    100	  8.379E-03
    100	  8.379E-03
    101	  7.945E-03
    102	  7.635E-03
    103	  7.391E-03
    104	  7.113E-03
    105	  6.751E-03
    106	  6.458E-03
    107	  6.211E-03
    108	  5.867E-03
    109	  5.544E-03
    110	  5.404E-03
    110	  5.404E-03
    111	  5.264E-03
    112	  5.008E-03
    113	  4.711E-03
    114	  4.520E-03
    115	  4.352E-03
    116	  4.148E-03
    117	  3.952E-03
    118	  3.808E-03
    119	  3.663E-03
    120	  2.910E-03
    120	  2.910E-03
    121	  2.377E-03
    122	  2.283E-03
    123	  2.207E-03
    124	  2.130E-03
    125	  2.020E-03
    126	  1.943E-03
    127	  1.855E-03
    128	  1.767E-03
    129	  1.672E-03
    130	  1.608E-03
    130	  1.608E-03
    131	  1.576E-03
    132	  1.471E-03
    133	  1.409E-03
    134	  1.347E-03
    135	  1.295E-03
    136	  1.227E-03
    137	  1.182E-03
    138	  1.134E-03
    139	  1.088E-03
    140	  9.516E-04
    140	  9.516E-04
    141	  8.477E-04
    142	  8.077E-04
    143	  7.790E-04
    144	  7.528E-04
    145	  7.137E-04
    146	  6.845E-04
    147	  6.580E-04
    148	  6.261E-04
    149	  5.893E-04
    150	  5.730E-04
    150	  5.730E-04
    151	  5.613E-04
    152	  5.328E-04
    153	  5.058E-04
    154	  4.815E-04
    155	  4.617E-04
    156	  4.436E-04
    157	  4.282E-04
    158	  4.079E-04
    159	  3.869E-04
    160	  3.503E-04
    160	  3.503E-04
    161	  3.261E-04
    162	  3.076E-04
    163	  2.948E-04
    164	  2.839E-04
    165	  2.722E-04
    166	  2.609E-04
    167	  2.476E-04
    168	  2.345E-04
    169	  2.235E-04
    170	  2.186E-04
    170	  2.186E-04
    171	  2.142E-04
    172	  2.055E-04
    173	  1.948E-04
    174	  1.841E-04
    175	  1.766E-04
    176	  1.708E-04
    177	  1.636E-04
    178	  1.557E-04
    179	  1.466E-04
    180	  1.341E-04
    180	  1.341E-04
    181	  1.246E-04
    182	  1.172E-04
    183	  1.122E-04
    184	  1.075E-04
    185	  1.036E-04
    186	  9.920E-05
    187	  9.411E-05
    188	  8.877E-05
    189	  8.501E-05
    190	  8.331E-05
    190	  8.331E-05
    191	  8.168E-05
    192	  7.867E-05
    193	  7.387E-05
    194	  6.987E-05
    195	  6.737E-05
    196	  6.516E-05
    197	  6.219E-05
    198	  5.917E-05
    199	  5.564E-05
    200	  4.935E-05
    200	  4.935E-05
    201	  4.437E-05
    202	  4.182E-05
    203	  4.001E-05
    204	  3.839E-05
    205	  3.679E-05
    206	  3.532E-05
    207	  3.359E-05
    208	  3.170E-05
    209	  3.031E-05
    210	  2.965E-05
    210	  2.965E-05
    211	  2.905E-05
    212	  2.793E-05
    213	  2.623E-05
    214	  2.491E-05
    215	  2.408E-05
    216	  2.317E-05
    217	  2.205E-05
    218	  2.093E-05
    219	  1.983E-05
    220	  1.721E-05
    220	  1.721E-05
    221	  1.521E-05
    222	  1.443E-05
    223	  1.373E-05
    224	  1.318E-05
    225	  1.260E-05
    226	  1.207E-05
    227	  1.158E-05
    228	  1.098E-05
    229	  1.041E-05
    230	  1.015E-05
    230	  1.015E-05
    231	  9.973E-06
    232	  9.538E-06
    233	  8.990E-06
    234	  8.604E-06
    235	  8.270E-06
    236	  7.921E-06
    237	  7.594E-06
    238	  7.198E-06
    239	  6.809E-06
    240	  6.115E-06
    240	  6.115E-06
    241	  5.613E-06
    242	  5.263E-06
    243	  5.047E-06
    244	  4.834E-06
    245	  4.606E-06
    246	  4.419E-06
    247	  4.239E-06
    248	  4.006E-06
    249	  3.800E-06
    250	  3.731E-06
    250	  3.731E-06
    251	  3.664E-06
    252	  3.509E-06
    253	  3.315E-06
    254	  3.168E-06
    255	  3.042E-06
    256	  2.907E-06
    257	  2.777E-06
    258	  2.644E-06
    259	  2.476E-06
    260	  2.240E-06
    260	  2.240E-06
    261	  2.056E-06
    262	  1.915E-06
    263	  1.834E-06
    264	  1.755E-06
    265	  1.670E-06
    266	  1.604E-06
    267	  1.540E-06
    268	  1.452E-06
    269	  1.386E-06
    270	  1.359E-06
    270	  1.359E-06
    271	  1.335E-06
    272	  1.290E-06
    273	  1.210E-06
    274	  1.154E-06
    275	  1.108E-06
    276	  1.063E-06
    277	  1.018E-06
    278	  9.614E-07
    279	  8.974E-07
    280	  7.983E-07
    280	  7.983E-07
    281	  7.238E-07
    282	  6.743E-07
    283	  6.407E-07
    284	  6.153E-07
    285	  5.852E-07
    286	  5.624E-07
    287	  5.356E-07
    288	  5.044E-07
    289	  4.847E-07
    290	  4.759E-07
    290	  4.759E-07
    291	  4.678E-07
    292	  4.516E-07
    293	  4.272E-07
    294	  4.047E-07
    295	  3.898E-07
    296	  3.718E-07
    297	  3.565E-07
    298	  3.357E-07
    299	  3.139E-07
    300	  2.824E-07
    300	  2.824E-07
    301	  2.581E-07
    302	  2.401E-07
    303	  2.279E-07
    304	  2.190E-07
    305	  2.080E-07
    306	  2.002E-07
    307	  1.905E-07
    308	  1.796E-07
    309	  1.727E-07
    310	  1.694E-07
    310	  1.694E-07
    311	  1.663E-07
    312	  1.612E-07
    313	  1.516E-07
    314	  1.435E-07
    315	  1.387E-07
    316	  1.326E-07
    317	  1.264E-07
    318	  1.196E-07
    319	  1.113E-07
    320	  9.914E-08
    320	  9.914E-08
    321	  8.965E-08
    322	  8.340E-08
    323	  7.941E-08
    324	  7.608E-08
    325	  7.223E-08
    326	  6.946E-08
    327	  6.613E-08
    328	  6.206E-08
    329	  5.986E-08
    330	  5.875E-08
    330	  5.875E-08
    331	  5.776E-08
    332	  5.603E-08
    333	  5.278E-08
    334	  4.992E-08
    335	  4.828E-08
    336	  4.598E-08
    337	  4.351E-08
    338	  4.147E-08
    339	  3.851E-08
    340	  3.278E-08
    340	  3.278E-08
    341	  2.866E-08
    342	  2.651E-08
    343	  2.528E-08
    344	  2.417E-08
    345	  2.281E-08
    346	  2.193E-08
    347	  2.108E-08
    348	  1.976E-08
    349	  1.902E-08
    350	  1.856E-08
    350	  1.856E-08
    351	  1.827E-08
    352	  1.761E-08
    353	  1.667E-08
    354	  1.588E-08
    355	  1.525E-08
    356	  1.458E-08
    357	  1.383E-08
    358	  1.319E-08
    359	  1.210E-08
    360	  1.092E-08
    360	  1.092E-08
    361	  1.009E-08
    362	  9.250E-09
    363	  8.845E-09
    364	  8.399E-09
    365	  7.991E-09
    366	  7.666E-09
    367	  7.313E-09
    368	  6.898E-09
    369	  6.648E-09
    370	  6.527E-09
    370	  6.527E-09
    371	  6.424E-09
    372	  6.249E-09
    373	  5.900E-09
    374	  5.609E-09
    375	  5.397E-09
    376	  5.130E-09
    377	  4.854E-09
    378	  4.637E-09
    379	  4.237E-09
    380	  3.881E-09
    380	  3.881E-09
    381	  3.608E-09
    382	  3.305E-09
    383	  3.159E-09
    384	  2.986E-09
    385	  2.845E-09
    386	  2.733E-09
    387	  2.602E-09
    388	  2.455E-09
    389	  2.377E-09
    390	  2.331E-09
    390	  2.331E-09
    391	  2.292E-09
    392	  2.239E-09
    393	  2.107E-09
    394	  1.997E-09
    395	  1.928E-09
    396	  1.835E-09
    397	  1.728E-09
    398	  1.653E-09
    399	  1.506E-09
    400	  1.373E-09
    400	  1.373E-09
    401	  1.267E-09
    402	  1.160E-09
    403	  1.113E-09
    404	  1.048E-09
    405	  9.953E-10
    406	  9.585E-10
    407	  9.111E-10
    408	  8.565E-10
    409	  8.337E-10
    410	  8.175E-10
    410	  8.175E-10
    411	  8.030E-10
    412	  7.846E-10
    413	  7.399E-10
    414	  7.021E-10
    415	  6.776E-10
    416	  6.437E-10
    417	  6.011E-10
    418	  5.768E-10
    419	  5.288E-10
    420	  4.750E-10
    420	  4.750E-10
    421	  4.340E-10
    422	  3.992E-10
    423	  3.824E-10
    424	  3.613E-10
    425	  3.404E-10
    426	  3.272E-10
 Timing includes 3.125E-02seconds for ILU factorization
 CPU Time =   4.500E+00 seconds,    426 iterations
