  Solution            1
      1          155.08136858
      2            3.05594774
      3            0.07327944
      4            0.00189273
      5            0.00005123
      6            0.00000144
      7            0.00000004
  Solution            2
      1          155.08136858
      2            3.05594774
      3            0.07327944
      4            0.00189273
      5            0.00005123
      6            0.00000144
      7            0.00000004
  Solution            3
      1          155.08136858
      2            3.05594774
      3            0.07327944
      4            0.00189273
      5            0.00005123
      6            0.00000144
      7            0.00000004
  Solution            4
      1          155.08136858
      2            3.05594774
      3            0.07327944
      4            0.00189273
      5            0.00005123
      6            0.00000144
      7            0.00000004
  Solution            5
      1          155.08136858
      2            3.05594774
      3            0.07327944
      4            0.00189273
      5            0.00005123
      6            0.00000144
      7            0.00000004
  Solution            6
      1          155.08136858
      2            3.05594774
      3            0.07327944
      4            0.00189273
      5            0.00005123
      6            0.00000144
      7            0.00000004
  Solution            7
      1          155.08136858
      2            3.05594774
      3            0.07327944
      4            0.00189273
      5            0.00005123
      6            0.00000144
      7            0.00000004
  Solution            8
      1          155.08136858
      2            3.05594774
      3            0.07327944
      4            0.00189273
      5            0.00005123
      6            0.00000144
      7            0.00000004
  Solution            9
      1          155.08136858
      2            3.05594774
      3            0.07327944
      4            0.00189273
      5            0.00005123
      6            0.00000144
      7            0.00000004
  Solution           10
      1          155.08136858
      2            3.05594774
      3            0.07327944
      4            0.00189273
      5            0.00005123
      6            0.00000144
      7            0.00000004
  Solution           11
      1          155.08136858
      2            3.05594774
      3            0.07327944
      4            0.00189273
      5            0.00005123
      6            0.00000144
      7            0.00000004
  Solution           12
      1          155.08136858
      2            3.05594774
      3            0.07327944
      4            0.00189273
      5            0.00005123
      6            0.00000144
      7            0.00000004
  Solution           13
      1          155.08136858
      2            3.05594774
      3            0.07327944
      4            0.00189273
      5            0.00005123
      6            0.00000144
      7            0.00000004
  Solution           14
      1          155.08136858
      2            3.05594774
      3            0.07327944
      4            0.00189273
      5            0.00005123
      6            0.00000144
      7            0.00000004
  Solution           15
      1          155.08136858
      2            3.05594774
      3            0.07327944
      4            0.00189273
      5            0.00005123
      6            0.00000144
      7            0.00000004
  Solution           16
      1          155.08136858
      2            3.05594774
      3            0.07327944
      4            0.00189273
      5            0.00005123
      6            0.00000144
      7            0.00000004
  Solution           17
      1          155.08136858
      2            3.05594774
      3            0.07327944
      4            0.00189273
      5            0.00005123
      6            0.00000144
      7            0.00000004
  Solution           18
      1          155.08136858
      2            3.05594774
      3            0.07327944
      4            0.00189273
      5            0.00005123
      6            0.00000144
      7            0.00000004
  Solution           19
      1          155.08136858
      2            3.05594774
      3            0.07327944
      4            0.00189273
      5            0.00005123
      6            0.00000144
      7            0.00000004
  Solution           20
      1          155.08136858
      2            3.05594774
      3            0.07327944
      4            0.00189273
      5            0.00005123
      6            0.00000144
      7            0.00000004
  Solution           21
      1          155.08136858
      2            3.05594774
      3            0.07327944
      4            0.00189273
      5            0.00005123
      6            0.00000144
      7            0.00000004
  Solution           22
      1          155.08136858
      2            3.05594774
      3            0.07327944
      4            0.00189273
      5            0.00005123
      6            0.00000144
      7            0.00000004
  Solution           23
      1          155.08136858
      2            3.05594774
      3            0.07327944
      4            0.00189273
      5            0.00005123
      6            0.00000144
      7            0.00000004
  Solution           24
      1          155.08136858
      2            3.05594774
      3            0.07327944
      4            0.00189273
      5            0.00005123
      6            0.00000144
      7            0.00000004
  Solution           25
      1          155.08136858
      2            3.05594774
      3            0.07327944
      4            0.00189273
      5            0.00005123
      6            0.00000144
      7            0.00000004
  Solution           26
      1          155.08136858
      2            3.05594774
      3            0.07327944
      4            0.00189273
      5            0.00005123
      6            0.00000144
      7            0.00000004
  Solution           27
      1          155.08136858
      2            3.05594774
      3            0.07327944
      4            0.00189273
      5            0.00005123
      6            0.00000144
      7            0.00000004
  Solution           28
      1          155.08136858
      2            3.05594774
      3            0.07327944
      4            0.00189273
      5            0.00005123
      6            0.00000144
      7            0.00000004
  Solution           29
      1          155.08136858
      2            3.05594774
      3            0.07327944
      4            0.00189273
      5            0.00005123
      6            0.00000144
      7            0.00000004
  Solution           30
      1          155.08136858
      2            3.05594774
      3            0.07327944
      4            0.00189273
      5            0.00005123
      6            0.00000144
      7            0.00000004
  Solution           31
      1          155.08136858
      2            3.05594774
      3            0.07327944
      4            0.00189273
      5            0.00005123
      6            0.00000144
      7            0.00000004
  Solution           32
      1          155.08136858
      2            3.05594774
      3            0.07327944
      4            0.00189273
      5            0.00005123
      6            0.00000144
      7            0.00000004
  Solution           33
      1          155.08136858
      2            3.05594774
      3            0.07327944
      4            0.00189273
      5            0.00005123
      6            0.00000144
      7            0.00000004
  Solution           34
      1          155.08136858
      2            3.05594774
      3            0.07327944
      4            0.00189273
      5            0.00005123
      6            0.00000144
      7            0.00000004
  Solution           35
      1          155.08136858
      2            3.05594774
      3            0.07327944
      4            0.00189273
      5            0.00005123
      6            0.00000144
      7            0.00000004
  Solution           36
      1          155.08136858
      2            3.05594774
      3            0.07327944
      4            0.00189273
      5            0.00005123
      6            0.00000144
      7            0.00000004
  Solution           37
      1          155.08136858
      2            3.05594774
      3            0.07327944
      4            0.00189273
      5            0.00005123
      6            0.00000144
      7            0.00000004
  Solution           38
      1          155.08136858
      2            3.05594774
      3            0.07327944
      4            0.00189273
      5            0.00005123
      6            0.00000144
      7            0.00000004
  Solution           39
      1          155.08136858
      2            3.05594774
      3            0.07327944
      4            0.00189273
      5            0.00005123
      6            0.00000144
      7            0.00000004
  Solution           40
      1          155.08136858
      2            3.05594774
      3            0.07327944
      4            0.00189273
      5            0.00005123
      6            0.00000144
      7            0.00000004
  Solution           41
      1          155.08136858
      2            3.05594774
      3            0.07327944
      4            0.00189273
      5            0.00005123
      6            0.00000144
      7            0.00000004
  Solution           42
      1          155.08136858
      2            3.05594774
      3            0.07327944
      4            0.00189273
      5            0.00005123
      6            0.00000144
      7            0.00000004
  Solution           43
      1          155.08136858
      2            3.05594774
      3            0.07327944
      4            0.00189273
      5            0.00005123
      6            0.00000144
      7            0.00000004
  Solution           44
      1          155.08136858
      2            3.05594774
      3            0.07327944
      4            0.00189273
      5            0.00005123
      6            0.00000144
      7            0.00000004
  Solution           45
      1          155.08136858
      2            3.05594774
      3            0.07327944
      4            0.00189273
      5            0.00005123
      6            0.00000144
      7            0.00000004
  Solution           46
      1          155.08136858
      2            3.05594774
      3            0.07327944
      4            0.00189273
      5            0.00005123
      6            0.00000144
      7            0.00000004
  Solution           47
      1          155.08136858
      2            3.05594774
      3            0.07327944
      4            0.00189273
      5            0.00005123
      6            0.00000144
      7            0.00000004
  Solution           48
      1          155.08136858
      2            3.05594774
      3            0.07327944
      4            0.00189273
      5            0.00005123
      6            0.00000144
      7            0.00000004
  Solution           49
      1          155.08136858
      2            3.05594774
      3            0.07327944
      4            0.00189273
      5            0.00005123
      6            0.00000144
      7            0.00000004
  Solution           50
      1          155.08136858
      2            3.05594774
      3            0.07327944
      4            0.00189273
      5            0.00005123
      6            0.00000144
      7            0.00000004
